0,1,2,3,4,5,6,7,8,9,10,11,12
-234.08345,146.14786,-26.558979,59.7737,-0.30487633,22.458603,0.24800289,-2.5969834,12.197063,-7.5418468,0.12069973,-3.0524294,-12.471411
-241.47618,183.9502,-36.573334,49.056953,22.621462,31.290384,12.862347,-6.9876146,6.5967555,-18.084028,1.3156979,2.1421149,-6.9916716
-229.91461,142.19345,-24.618668,48.630444,-5.0207977,21.727863,4.4420156,-4.5242863,5.742079,-10.017015,6.9611816,2.8860707,-5.9247036
-201.6494,144.10428,-28.81284,69.013504,24.788174,26.772522,3.7710547,-6.4526534,3.8492951,-10.123038,-5.1102734,-6.975673,-12.592443
-244.79964,165.66449,-35.439796,54.35801,18.305328,19.673037,-1.4328355,-3.9430528,8.710975,-7.8518634,8.045736,1.7911401,-9.747677
-195.29166,164.19716,-20.592846,41.09529,-6.1020746,22.585264,5.4321175,-5.885487,3.4804392,-15.969433,-4.9603796,-3.4049,-14.852942
-267.5955,123.41819,-12.938141,67.55011,11.431934,30.11544,8.044569,5.9936132,8.714724,0.8602251,6.6636553,6.6381073,-7.6156454
-228.8539,142.17673,-35.810925,60.380768,9.922512,30.506477,-2.9600263,-18.061108,2.6695137,-10.09281,2.0921342,0.61665493,-12.731522
-253.52101,141.45569,-38.614902,51.997448,22.816574,30.293156,3.767861,-3.0186896,12.353167,-8.322567,7.6878705,4.4491186,-13.138781
-211.5607,159.84595,-27.858566,54.500572,13.549145,20.368832,5.0547266,-6.5831985,14.457853,-11.589577,-2.3899932,-6.4732847,-12.228561
-221.85759,154.86942,-19.653034,49.665962,8.966243,28.834978,-3.8279111,-13.193359,5.456811,-14.249401,-1.728509,-5.838002,-9.62397
-231.73184,147.56525,-29.013748,64.80699,18.630167,31.54258,9.231651,4.2822785,7.0816154,3.9042425,-2.1598918,-1.2914214,-12.804321
-226.99338,135.72818,-34.04594,53.336506,18.656044,31.87239,-4.896967,-13.623631,11.436903,-14.9546585,4.046624,-0.48209524,-12.37459
-195.87245,133.89294,-28.251938,71.75197,16.581852,34.34577,0.45261988,-12.297195,10.619101,-11.238714,-4.2747483,-1.333148,-14.48671
-230.86063,127.51219,-36.305542,69.16154,34.381157,24.56646,-3.4760141,-8.500418,11.8503475,-10.503984,-8.214607,-16.052557,-15.353892
-310.8802,118.14552,-11.886028,43.637165,25.434887,33.571815,4.468609,-4.7693973,3.93017,-13.37359,-11.93759,-13.323638,-15.37488
-183.54263,157.17017,-52.10875,32.548855,0.11521363,21.987438,-1.5447816,-9.257118,6.7907906,-15.895814,3.114584,0.1910851,-9.787106
-181.56775,149.85219,-36.98042,68.18365,5.118831,33.273014,-6.7743826,-7.6076374,-0.49990332,-12.873573,2.4059951,1.6686931,-13.627069
-227.56447,153.2744,-40.741974,64.01005,9.247779,32.23451,5.7576904,-8.684853,6.6717515,-9.156423,6.866499,-1.4434888,-14.275463
-170.96858,98.82563,-53.161064,66.6736,-0.56878066,17.289928,2.5291462,-10.667193,1.2877159,-6.823903,-0.20055279,-1.1881647,-11.501204
-219.37918,160.61517,-23.13158,33.74524,6.7832327,22.008415,-4.5385528,-9.967293,8.592703,-10.102577,-2.664123,-9.195478,-10.679163
-190.83588,185.65771,-39.84404,42.744865,-3.075881,29.262947,-7.2022095,-1.0320513,8.7484455,-18.627895,1.2588015,3.9277701,-7.680097
-106.77664,144.30109,-44.74123,77.52519,-16.740204,25.55868,-3.364152,-5.7930045,-3.8817878,-14.47834,-12.397999,-2.0524275,-17.059616
-124.33885,191.52054,-58.110237,34.483665,-17.345078,19.590725,-22.639275,-0.030039966,9.251003,-12.577283,-12.735456,9.748194,-8.521181
-143.61824,177.70766,-31.415272,47.93187,-7.4205008,29.479046,-12.8158045,4.3336716,0.95901203,-17.199394,-6.712116,-0.6458473,-27.938332
-182.5887,167.82104,-33.8598,56.682804,-2.0765347,31.478355,-3.19733,6.305812,1.8437557,-19.234962,-4.1230345,-2.8561492,-19.227211
-209.83395,165.20523,-32.49916,45.668694,-10.125158,24.432543,-6.8301086,4.461029,0.91195524,-17.014534,-3.9310918,-0.8509103,-17.816013
-210.7981,179.91226,-41.936584,51.74626,-7.636963,34.123672,-4.404874,-0.11915195,-1.4501421,-16.035042,8.533085,-2.399105,-12.665028
-321.11874,179.00214,-25.568619,34.52561,4.0120173,9.994901,2.4092784,6.57261,10.612841,-9.266907,3.1039364,-0.5184939,-8.933022
-206.35208,129.15746,-12.625799,76.20865,-25.82648,17.0509,-10.41699,5.025961,15.17079,-4.44837,2.572101,5.0219593,-22.48236
-210.50491,197.50494,-20.63908,50.8423,-19.89663,22.50197,-4.079701,-0.114242196,4.6829405,-13.121108,-3.7235923,4.9149356,-15.968084
-201.04756,145.49646,-37.596222,66.972305,19.19194,47.99356,-5.798561,0.44810003,-2.254397,-16.728283,5.853277,-1.8326569,-17.092102
-195.24283,172.83966,-45.24318,60.993717,15.171839,32.618248,-24.75233,-6.9408965,12.522989,-8.368955,6.7252464,-5.427069,-17.689087
-307.55554,144.57086,-29.127619,54.016468,6.69158,29.686863,-3.9148717,9.068302,11.501328,0.7682712,7.595752,-0.9509661,-17.767426
-261.591,154.31145,0.8763094,55.037807,7.534569,34.694084,-10.798066,7.0662165,8.373165,-3.562224,1.1893767,-1.1116546,-19.120453
-252.81955,173.56262,-29.100847,51.24788,-6.914877,18.122066,-0.023451552,2.6115131,0.630691,-18.796925,4.0472555,2.8348904,-2.616189
-246.21515,179.30008,-21.512272,47.171753,11.855066,11.664492,11.826706,2.1742725,5.9219136,-11.747971,-5.8483276,-0.8668489,-13.910789
-173.65416,149.58975,-37.42444,29.54578,-16.379179,21.519417,-19.818932,-3.5908892,1.3535384,-9.825428,-7.571985,-3.3020964,-17.571922
-215.53116,89.887146,-32.64509,65.01223,-29.079233,40.438725,-17.275723,8.3438225,-2.285739,5.450473,1.2043971,4.9198313,-9.287861
-297.56915,113.74243,-25.321968,58.24128,-5.049072,19.525743,-13.01848,-1.0172892,3.5846763,-4.3545103,7.6292048,-3.700003,-9.039882
-205.31497,178.93704,-30.690407,60.661343,-16.690746,30.527819,-11.272985,0.632581,5.5447216,-7.6606574,1.591785,-2.4039705,-15.788536
-231.17238,138.75023,-52.03895,87.65941,6.7312098,46.602802,-22.94666,-0.33197266,-0.01931326,-16.798536,10.44138,-6.851434,-18.76794
-199.9274,170.42227,-36.88742,49.980083,4.549344,38.092262,-0.77741575,-7.548109,0.524083,-21.431099,10.123449,0.5323168,-12.172596
-214.30545,118.95123,-38.35885,80.46674,-7.1596155,40.588722,-4.5162845,-5.6758146,3.905126,-6.806841,2.451295,1.7973217,-13.470327
-229.80936,163.0282,-30.141647,62.6168,1.9504731,34.307808,-11.045715,-14.607908,8.859354,-8.545917,2.656712,1.9583211,-7.4551964
-130.92253,189.25653,-35.25515,39.26689,-23.27394,19.2647,-13.535314,-1.215811,7.475463,-10.497534,-4.9775524,-1.2324219,-12.924432
-153.45247,193.62885,-37.415215,37.37748,-17.835274,13.727606,-0.9041463,-0.6638433,9.305917,-13.03409,-0.32573986,6.1270766,-8.410687
-175.23209,188.34082,-36.423855,43.76057,-3.270965,25.942358,-3.745564,-6.861464,7.5379553,-11.016079,-9.185499,-0.37754032,-17.071404
-167.15001,149.68332,-50.42952,34.780006,-16.779345,31.040585,-11.710133,-8.4811125,-0.61938363,-0.58019793,-7.562303,8.708703,-15.520969
-184.896,119.94162,-48.93925,81.08258,-10.662945,47.782528,-12.086115,-7.2576942,3.4058092,1.3491261,-3.6886084,-2.3257709,-18.70192
-193.46802,121.47917,-13.176591,82.17402,5.1557446,27.265491,-12.347753,-1.0968885,14.797142,0.67477435,-2.7765267,-1.2949672,-15.351215
-112.255486,170.75165,-62.04963,49.65922,-5.603196,28.93051,-10.326324,-5.0887327,2.629964,-15.867456,-11.077943,-0.083856106,-18.219578
-188.43546,166.52194,-39.870472,46.965393,1.8536088,32.35706,-1.9616321,-3.481434,11.9317665,-19.108078,-3.8708904,-1.4746252,-9.128278
-120.74775,157.53168,-47.459145,35.927834,-36.46882,28.467644,-9.937308,-1.5656729,7.0210824,-10.27836,-8.341087,5.7117577,-11.309666
-155.71208,148.69073,-63.43029,60.217632,-11.034504,29.477825,-19.61899,-22.401257,5.6662083,-23.482265,-12.972702,-1.4327534,-18.350338
-183.65518,142.06271,-41.781223,69.89961,-7.063831,43.16092,-5.633898,-8.627496,-4.591334,-11.245174,-0.95787984,4.117479,-18.636639
-205.59393,142.59825,-51.324493,59.532272,-3.0343575,31.126032,-10.30138,-11.7606945,-2.0631995,-12.242245,3.2925982,6.6283903,-10.564678
-195.22624,133.1706,-38.08422,65.48019,-17.469875,42.663734,-9.358448,-7.955358,5.9345026,-9.973605,-2.0161097,-5.7700806,-18.308407
-251.11475,167.37646,-27.354624,61.74247,16.593855,23.324402,-4.569249,0.20172006,9.358687,-6.7272882,3.056357,-9.217936,-18.646332
-286.38226,182.68175,-23.32003,43.04857,21.471977,25.364662,-1.8947439,6.089465,-0.74205816,-6.502967,1.2650636,-1.914653,-11.808838
-212.17387,140.75974,-42.600647,53.186966,-18.828459,36.3152,-13.883207,-4.2571754,-2.1578221,-9.611759,1.0551553,3.2508907,-7.120012
-199.73557,152.97609,-42.801125,45.080276,-12.003143,21.524506,-19.434181,-1.6526089,-0.15787885,-10.907963,-2.7710505,-2.6387904,-21.547657
-196.77975,181.77205,-37.474384,50.75979,5.478344,24.636692,-10.13381,-7.349815,11.307428,-10.882717,-0.69690436,-3.4099097,-22.672272
-134.99825,172.14828,-55.994247,40.619892,-31.418924,15.807468,-12.622498,-4.741463,-2.2490828,-16.932434,-5.646879,4.0803356,-15.98806
-172.47084,184.68622,-54.36602,42.405083,-1.5056821,31.775295,-6.674065,-16.12862,6.2364864,-26.256424,-3.2586327,6.3474627,-13.474014
-133.56564,184.85811,-46.686363,37.942047,-11.686226,13.310217,-4.31473,3.43826,8.680063,-13.92343,0.7743221,2.4894094,-15.605752
-202.60596,166.7648,-32.467834,53.516983,-1.9154733,16.643332,-1.0517399,1.6553676,7.465307,-13.119663,-4.8978515,-11.361176,-17.764242
-244.06413,163.56792,-24.442741,40.482254,7.977439,12.558738,9.885751,5.669174,11.557535,-11.7346115,-0.76085186,-0.36678308,-9.80735
-189.44969,137.74098,-51.64283,51.37861,7.275219,30.925755,-0.5424086,-12.807806,1.4275302,-12.807659,4.9126797,-0.6093958,-11.580664
-184.18567,166.61456,-41.11388,48.11509,7.090476,34.46312,-8.658898,-20.815048,5.986521,-23.171118,2.0241127,1.767745,-20.076824
-173.26816,152.60397,-39.09208,51.98432,-7.296937,38.365246,-4.727401,-9.618479,3.353199,-13.610736,5.6086025,3.4170475,-7.4547596
-195.471,165.47028,-37.521828,36.446884,0.5869609,26.116766,-5.7079945,0.4705444,12.350182,-12.539949,9.72982,9.814435,-3.9221687
-251.64395,140.93169,-30.8744,51.1962,16.862501,29.930172,8.691471,-6.2062964,7.5142827,-3.3450189,6.5901437,5.7413015,-4.69009
-184.79498,140.901,-42.90756,76.40425,20.756815,34.738804,-4.5777245,-14.734976,-1.4188372,-11.255106,0.9647237,-10.368202,-15.30114
-213.50568,165.7756,-30.907743,54.090454,17.063124,21.647228,5.3190765,-1.4099746,2.7265127,-12.267059,-0.66789615,4.537379,-12.235961
-246.16962,201.48645,-21.827797,22.434338,4.3246512,4.5296173,6.2084026,2.8206458,5.458293,-19.332815,-2.289605,7.4898453,-6.3157516
-199.60393,196.49536,-49.91249,34.236988,3.8754935,19.34004,1.6857628,-16.452074,-2.1316748,-20.966957,12.349516,9.67708,-14.8800745
-206.80711,171.23587,-22.263,33.373524,-1.9192333,10.004795,0.34075552,-1.7067511,6.6963396,-12.674379,-3.1804824,-1.8733909,-8.096365
-185.85236,167.8577,-37.625908,64.37072,6.1406507,28.658806,2.3788226,-0.2823779,4.055936,-10.588561,3.6079192,-3.5713735,-11.007327
-162.83224,159.10944,-34.127426,71.13918,-5.8332424,41.978577,-0.1765553,-9.756236,4.503179,-9.727234,2.293201,4.3084464,-16.002613
-160.0332,177.47469,-42.04471,39.783092,-15.284168,35.278164,-10.742435,6.4417953,-2.4069371,-18.362736,-5.1317883,1.0757921,-17.878246
-172.28067,189.12491,-47.754684,55.606903,-9.394714,38.438793,-6.10269,-5.247327,-4.5524526,-27.70961,6.917178,6.8291383,-12.518575
-147.22556,170.52762,-34.479828,57.823364,-5.8050356,23.651798,-7.335357,8.23635,-4.714271,-15.428123,0.8479908,4.1384916,-8.916039
-209.97264,188.34329,-27.168941,57.320366,-2.3270385,31.15245,-11.623512,-0.4642129,6.2201834,-16.986351,5.4478693,0.47768304,-9.277646
-131.52684,171.43628,-51.158195,37.016205,-6.841748,23.815788,3.9875143,-3.1948953,-0.23505902,-17.559807,5.5546455,10.372047,-11.454819
-163.22945,175.07962,-31.58928,52.73899,-5.541216,31.549513,5.8669662,-7.2231474,5.2579136,-18.334156,-2.3366182,-2.1117063,-11.571084
-159.32498,146.2439,-40.778748,61.505516,7.919401,34.815384,-8.343138,-4.516293,15.457121,-12.300434,-8.17111,-6.9674034,-22.88023
-186.1491,169.90222,-56.33628,44.631237,-10.220135,38.873447,-10.478174,-5.7713833,-2.4872396,-18.734606,6.2075567,-0.5846462,-18.27972
-435.65787,100.42645,-16.629301,39.226913,8.727115,16.694777,-9.348146,-8.977827,-3.1579778,0.560658,0.61313033,1.5721272,-10.746534
-200.73264,223.61848,-46.427513,31.02001,-11.759895,18.797215,-11.882275,-6.190681,4.943415,-38.86306,0.10497454,11.574533,-7.5666256
-197.36656,165.53656,-35.008583,47.621315,-9.087305,25.038551,-9.969027,0.110851854,6.2869663,-16.808636,1.0109947,-9.907623,-13.512608
-205.91214,177.48569,-32.061584,51.632362,-30.19634,26.538998,1.7615374,1.7432165,2.4954433,-16.561539,-3.4735599,-5.8784738,-11.018129
-254.96378,145.49185,-30.466309,60.731903,2.3064795,21.59033,6.8659163,4.0788527,8.03319,-13.410196,8.181955,-1.6425054,-8.489853
-249.6853,164.76247,-58.615818,48.683044,3.131881,26.21738,-5.9405346,2.4034884,-5.5837545,-8.655161,0.3396173,2.5640986,-4.838003
-184.02278,184.58401,-39.106113,60.35797,-12.083612,22.266312,-3.66125,-1.2426441,-5.3892574,-12.700291,1.5982149,-3.551451,-4.250437
-106.84894,151.40268,-44.88324,47.627712,-19.368137,22.9338,-8.329769,-5.642703,-1.4639679,-15.15963,-0.26884198,-0.28809118,-15.124645
-156.28041,170.86871,-48.634552,36.370193,8.345125,20.384495,-5.370022,-16.004255,1.723043,-12.1944275,1.3606327,5.8510823,-9.309059
-171.57475,140.27037,-53.03322,47.46718,10.2793045,31.964008,-4.5212736,-16.461342,1.5912335,-5.144785,1.2255521,-0.23939621,-12.106928
-201.09181,179.80142,-30.72403,40.627186,-3.5619993,23.580814,5.8983836,-1.5828897,12.500355,-7.256668,0.2768528,-0.4348994,-6.1632648
-85.097305,176.27835,-79.241196,25.512152,-42.54274,16.768818,-17.112602,0.742828,11.082208,-3.6900058,-18.823395,17.706547,5.896618
-82.339676,159.72293,-62.96032,34.01426,-18.786957,25.977394,-13.982132,-20.175676,-3.8005502,-3.9632287,-19.408638,6.516659,1.768899
-179.78693,152.47275,-55.06975,24.809727,-20.563038,13.17539,-2.0512536,-20.652626,-2.5616436,-4.1324153,-3.4776,2.457558,4.282769
-117.786514,156.40643,-72.24865,56.583904,-3.876408,23.149036,-18.648006,-4.223179,-14.377623,-19.736485,-6.7342067,-3.2467108,-17.23404
-111.23186,162.88086,-61.582214,35.999794,-25.239172,30.496933,-10.69597,-5.841461,-17.778328,-9.423982,-3.149508,-4.861641,-15.235101
-114.25801,175.19577,-58.156433,45.12279,-18.317036,20.000015,-6.9751883,-5.375949,-3.0428376,-14.534371,2.5304039,-7.23232,-9.709246
-199.2421,155.75548,-44.427757,59.47323,-2.2657855,20.148827,4.677641,-0.79842633,2.9167113,-14.351594,4.6241374,0.39224333,-12.691617
-108.522964,177.92326,-63.744934,41.458893,-3.4673436,23.524055,-3.9932518,-1.8454359,-7.3543005,-19.269365,-0.18825567,-4.7748547,-8.717199
-124.2525,161.9603,-61.8964,35.707558,-20.297764,23.9664,-14.304241,-1.9312592,-7.6369157,-8.462429,-8.344437,-3.5835404,-8.704714
-194.1753,132.43689,-46.754982,44.916855,-17.400072,24.81908,-2.0962613,-4.167017,3.5410824,-8.042421,-7.4388943,-6.6437206,-13.570207
-175.84941,166.76306,-28.646238,39.50686,24.706959,27.971836,-5.9339037,-5.107505,-1.8101746,-17.15585,-9.988061,-9.495206,-16.889425
-165.78404,169.92441,-41.733326,43.589935,-10.666735,32.735558,-4.6487503,-5.7863407,-2.4137645,-10.393898,-2.6503894,-2.1340706,-16.559076
-194.36305,167.39267,-48.63024,58.970448,22.209597,36.97338,-8.7528715,-7.4331446,-5.5732536,-28.835861,-4.109504,-0.9657657,-8.119407
-166.35687,155.18118,-69.9211,69.59611,36.36374,45.448616,-16.957775,-5.4954853,-3.364729,-14.942665,1.6394025,-4.474469,-29.555498
-191.83932,125.14429,-64.217285,94.90683,24.167488,48.37286,-11.724676,-4.8301516,5.399309,-5.7040014,-1.3276392,-0.06622332,-17.177559
-201.80872,122.58778,-50.013634,57.852985,-14.690621,27.758354,-10.70463,-9.002029,-4.405486,-5.648884,-1.8345644,3.966726,-15.480956
-336.09753,145.78923,1.75033,32.419018,-24.335957,-4.1352487,-11.430698,-2.068423,17.375938,-1.5029751,-6.5109763,-13.557545,-13.569354
-190.13019,140.91202,-27.99057,61.055183,-21.197187,40.24022,-15.365532,1.9603757,-1.0540183,-9.700707,0.33969474,-5.260887,-16.968628
-200.0938,156.09584,-24.963984,55.3041,-14.464191,45.957687,-12.5786495,-6.2892857,-6.27164,-6.4976387,2.8194814,4.062794,-17.756844
-227.957,80.857834,-11.106054,41.499763,-28.477966,30.837631,-3.0225906,10.006736,9.14765,5.2062874,-3.1927567,2.8396747,-6.376727
-196.03952,150.6798,-37.1348,60.099556,-0.50398976,37.542076,-11.868067,-6.9820967,5.552829,-6.337016,0.38287467,-2.2295787,-16.526892
-340.2032,127.85631,-19.266363,46.229347,0.42106366,6.828583,-9.11544,3.7227888,5.627591,-3.999127,6.9131513,2.2897034,-8.748909
-196.96065,161.14601,-32.443977,47.237473,-23.92469,10.815353,-19.535076,-7.427994,2.8116963,-5.699743,-0.87997097,-3.875039,-15.267772
-202.22401,203.51768,-23.274738,46.40545,-10.877047,25.388348,-6.811734,-0.47282755,13.970252,-12.171285,1.3425691,-4.630057,-16.88757
-196.07169,173.72043,-52.219193,37.05683,-6.413813,31.602074,-20.037899,-11.529833,-5.988559,-14.501325,-0.2163075,2.286826,-14.07159
-149.27408,166.75182,-46.795113,53.932358,-12.649061,20.872118,-16.458052,5.581313,17.944736,-4.630687,2.225087,4.5994782,-14.264753
-221.70259,113.90494,-46.589954,48.85823,-16.092098,15.4119215,-7.3399334,1.527869,0.7820697,-12.479763,0.4392252,0.49490058,-7.5602255
-168.44493,169.1825,-36.636986,23.650782,-22.501314,8.868562,-17.821392,-7.077712,4.3732715,-10.619465,-1.8942771,1.6970546,-12.34895
-265.3561,128.55469,-48.070427,41.729168,-3.443387,34.885887,-10.493612,-20.2882,16.029879,-4.7317514,11.087042,8.591394,-10.320971
-198.45256,120.87402,-42.226665,93.251945,19.660612,49.718754,-9.698645,-10.520373,27.3772,-4.2608824,-11.946088,-4.7751784,-16.599405
-200.71013,170.97015,-54.833862,37.994797,2.3452516,28.02454,-7.4257417,-8.828712,4.0762167,-24.242218,-0.119342804,2.414239,-8.630025
-127.06151,179.62537,-50.579933,42.00943,6.513899,30.630993,-11.692745,-7.4292707,8.260582,-14.359007,-5.219602,1.6606653,-12.117243
-116.467186,154.69937,-51.737534,58.594814,-20.23957,34.21281,-5.9800763,-7.6694,-4.5174537,-14.215294,-1.0472686,0.16436258,-17.759525
-149.50911,160.86026,-32.076164,56.028755,-0.46796843,15.395006,-4.179211,-6.4856586,9.621359,-9.679241,5.1572747,3.8680024,-16.316837
-126.63756,136.22041,-59.59913,75.79576,-0.21504554,39.154633,-13.377724,-9.045668,7.843344,-8.195035,-4.4660563,4.7539415,-19.515799
-163.49457,141.27502,-35.805103,54.74838,-20.888256,21.559437,-9.626698,4.023046,5.050477,-4.833758,-10.93887,-4.550692,-17.296545
-161.10628,198.60623,-34.67054,34.86473,-2.4822474,29.03229,-4.9828815,-8.578896,5.7540646,-24.532032,2.493398,-1.9085972,-16.351288
-179.20036,152.35077,-35.4982,51.15387,-0.8632091,16.688873,-4.1347456,-8.047294,9.063803,-11.20714,0.76808333,3.9054766,-11.36315
-219.269,164.44672,-21.478037,43.21759,16.312555,21.217293,-2.0592983,-0.6952771,7.452115,-12.232223,-0.46015704,-4.610672,-8.473916
-220.50182,141.49023,-47.967537,54.8257,19.753387,23.637415,0.022456229,-13.459028,4.261536,-5.370343,5.256056,-1.4756588,-9.8351145
-217.8397,198.89737,-30.960922,24.456438,-9.926481,11.623681,-3.3855515,2.8789797,7.8804827,-22.72679,5.4224234,4.4175296,-7.527842
-230.68864,156.06512,-26.807808,51.306206,-1.1258459,16.698257,-0.39353454,-1.9558897,5.9426875,-16.543966,5.208795,0.19768715,-6.9665318
-196.49281,162.01648,-28.662848,50.734474,20.917042,24.843311,1.7653182,-0.7093961,7.175867,-15.587096,2.6713598,-7.7512827,-7.719954
-176.11504,158.45078,-36.927456,50.34639,-19.737598,30.70744,-8.229605,-4.9136014,5.3740196,-13.276678,0.49200612,5.577937,-8.442355
-208.21014,186.74098,-13.1322975,41.759567,-5.2877975,16.921345,4.309557,-8.031229,2.641548,-8.578525,-6.202285,-6.9776006,-7.605458
-179.38329,167.24591,-33.432465,55.40908,4.737429,21.609688,-0.6505473,-5.375488,10.611357,-8.604896,-1.3869045,-2.2470675,-8.5031
-254.37106,156.31583,-7.2993946,60.550247,8.085372,35.3272,7.958776,-2.892569,7.2579794,-5.6340623,3.3041449,-3.283678,3.2132907
-241.31952,108.91098,-47.261826,32.11964,0.9156917,23.70621,0.8170297,-7.5835433,-2.1649652,-11.934219,6.1488605,2.8189435,-4.3152003
-187.61159,166.48984,-37.882915,50.226456,6.338621,27.2707,-11.040078,-17.732967,8.605202,-14.48266,-1.2861761,-5.5028944,-11.578434
-235.62378,153.22714,0.0652847,55.420456,14.59981,33.94827,7.2888556,-2.8315468,14.24133,-14.699224,-6.3285713,-12.519144,-9.702749
-225.91858,148.40222,-9.590755,63.301414,5.5228453,32.72927,8.344928,-5.0441413,4.153041,-11.838631,-3.252228,-4.355089,-5.5458746
-213.59546,131.80893,-26.758574,45.388077,-0.7161121,21.595978,3.9097009,-15.675274,13.347837,-6.369539,3.0468488,4.453724,-6.535701
-219.41557,140.37552,-31.583467,52.632523,21.979202,27.556805,2.3726585,-13.44548,6.6169267,-9.790355,-0.50270367,-5.919638,-7.3995914
-193.45456,160.21056,-46.493286,46.3328,-21.71363,9.158688,-6.835022,-15.037666,6.466902,-13.95829,-2.26729,-0.7363379,-5.572881
-209.27621,192.2988,-23.873493,43.358932,-3.352854,29.763786,-0.42991707,-10.741959,10.990923,-11.692353,-6.9140596,-5.1848774,1.4929096
-239.66064,167.66998,0.83123684,46.582653,-11.918269,33.13877,4.9809275,-7.139601,10.352341,-9.280639,-6.747366,-2.3058367,-0.41446128
-250.81401,138.20346,-41.14659,58.956326,-7.5921144,30.453884,-0.6062459,-11.490549,2.0287397,-9.021103,2.6485639,4.655347,-1.1898296
-180.50104,151.14113,-49.71056,64.030365,-2.298265,34.164757,-5.3361034,-12.091399,-2.427065,-18.837135,-0.8609855,-2.214369,-11.229919
-226.79796,151.96045,-35.010136,74.546326,34.986855,35.268196,5.7738266,-13.127764,5.9549003,-14.459246,-4.6015654,-7.748193,-13.199507
-206.20068,159.55136,-29.701832,58.92577,-9.044469,32.21123,-0.19151694,-2.8643527,12.279634,-12.29645,3.1624768,8.3379755,-7.496451
-242.6467,136.81909,-36.367756,48.289772,15.104614,23.725735,1.9447871,-13.161249,10.91957,-9.345314,-2.2953143,-3.6477826,-7.8562317
-208.01364,179.40543,-28.15025,53.355507,24.593147,23.69202,-0.45661545,-9.204943,4.6618776,-15.232342,0.71143305,-3.9763126,-9.712172
-178.80038,158.29214,-41.109077,41.28301,-9.9167795,18.252716,-9.745459,-7.44695,2.9679818,-17.463959,6.0441055,3.5618944,-11.047351
-233.28444,161.20644,-9.223881,57.339535,14.466501,20.046488,-9.126417,-5.7019916,15.199522,-14.894047,-5.8316727,-1.8596187,-14.651533
-223.62604,189.36075,-1.3846464,34.743538,-15.920704,5.811963,6.2884817,1.0917459,14.735039,-9.255133,-3.8921194,4.62507,-6.2161436
-191.70709,178.40356,-29.57934,45.350636,0.26262355,13.098459,-6.043665,-6.7942524,10.936901,-18.538029,-1.8000958,3.2379534,-11.703845
-173.37102,182.72083,-51.37775,36.77938,1.8754433,38.152596,-3.932272,-10.913187,13.9351845,-15.029031,-4.465502,6.4040523,-5.193164
-243.492,168.97491,-42.899307,48.50634,7.147995,25.076279,6.2675166,-1.682797,14.299002,-6.269433,0.8277699,4.695509,-6.380476
-189.98264,170.19714,-28.161095,37.708405,-6.560233,17.975597,7.903866,-0.26702064,4.840624,-14.955624,7.951384,6.1552706,-4.9520693
-110.683365,181.95253,-56.526497,43.15796,-3.1688643,28.424307,-15.777502,-6.633686,1.9273703,-18.916834,-7.1109085,4.157075,-6.195078
-78.902596,153.48999,-60.01597,42.860954,-27.989183,25.237503,-14.999731,1.8285115,-10.424219,-11.611664,-7.8402486,6.559848,-13.113702
-100.699814,176.79703,-54.098274,43.275272,-20.045082,20.455748,-19.536057,-2.8633378,-12.35898,-21.72638,-9.017695,7.8713317,-7.7234073
-130.41193,171.3086,-54.741104,43.846664,-6.915518,24.094292,-24.16132,-2.0262613,-2.9627943,-18.241352,-11.991325,4.8283195,-16.413076
-150.29837,174.61464,-52.686646,37.55729,-4.796858,29.008167,-16.082375,-16.76909,7.284283,-15.849796,5.4298115,5.614196,-10.456636
-190.85646,153.0119,-41.962757,66.79788,-4.4745245,26.893288,-6.193063,0.0067376196,8.507156,-11.622645,-3.1430624,-0.7429235,-12.487802
-214.00674,191.98318,-27.953592,48.023468,0.2127806,24.829048,2.9692526,-3.8367872,6.3677435,-15.56969,-3.5593307,-8.995013,-11.463973
-199.03925,196.52202,-27.732124,41.116745,5.2860346,24.975916,3.0166206,-8.368794,3.7651691,-21.63718,1.4294486,-5.501584,-9.074472
-229.03407,134.32898,-20.646345,74.58995,29.084068,31.182161,0.73146516,-11.749662,12.160543,-9.942659,-0.70915127,-3.5681953,-12.799009
-186.02684,127.305145,-48.454536,62.575752,6.9757004,34.931133,-1.2502718,-14.005313,7.095212,-4.861355,4.895152,3.6343765,-8.126716
-155.28302,186.4645,-47.15915,59.430984,-10.527962,28.545002,-1.9743888,-14.522751,3.797007,-26.271492,6.837635,7.32832,-1.0305593
-150.62376,169.44499,-42.99846,58.985756,-13.896651,29.992949,-13.070375,-6.676716,6.6125937,-9.500256,2.5053077,3.4613988,-10.194838
-170.74844,161.37396,-33.78221,57.488064,10.364521,25.916721,-0.8946036,-7.2721353,10.688497,-11.4061165,2.991447,6.8561554,-5.09111
-224.01729,169.953,-22.87601,47.73426,2.8750591,7.6547127,4.2533326,-5.0963173,8.9112625,-12.229216,1.0609258,4.014488,-7.700585
-205.4558,159.09421,-26.68287,70.328064,7.3826575,27.537838,5.4616165,-0.0115242,6.8801584,-9.568289,0.6567328,-7.6195498,-11.122482
-262.93506,189.9892,-17.728256,46.918404,1.3039715,27.710476,6.4873347,0.5579754,17.975826,-4.673145,3.3821092,2.9237201,-8.136923
-199.76915,144.91438,-39.960743,60.20584,0.06465149,23.354746,3.150577,-8.411873,9.504089,-7.608926,8.200482,2.2461052,-4.887513
-318.5531,132.08362,18.55294,26.828808,1.8904626,12.591909,12.999964,6.269863,10.22438,0.81976014,3.6072083,4.322887,-4.092109
-151.16231,188.86545,-41.523445,32.26497,-11.125765,18.66738,-5.112776,-5.395385,5.0339136,-17.558289,2.6154525,8.31658,-9.74109
-163.62332,188.8902,-37.715218,49.64617,-3.9518113,17.446268,-1.1586641,3.7991905,-0.037735403,-19.408836,3.048905,-4.0856504,-5.771638
-200.25612,191.54727,-30.002941,41.00994,-2.4537725,26.525845,8.789501,-0.82019997,2.1341212,-15.506416,4.973075,2.1078386,-4.256195
-203.49147,132.12828,-36.488197,52.8825,-8.74151,22.58675,5.871788,-4.0213165,3.1299777,-8.479906,10.048039,5.451926,-0.72323835
-166.16061,187.66562,-42.093292,36.92579,5.1817017,28.038025,-0.9834703,-7.89408,2.2889452,-16.676565,5.3471727,6.174074,1.1426805
-169.50046,178.50702,-44.553772,55.10842,1.6645207,36.152763,-8.116983,-11.123889,-1.0832862,-18.991123,11.962872,0.58707464,-3.5357056
-230.16843,153.49277,-24.704445,55.282185,-4.7755227,27.873262,9.429991,0.25553453,5.6528454,-10.807016,4.0313206,2.2293181,-2.7423964
-230.45224,170.12994,-32.97146,49.18563,10.071883,33.293987,5.7298827,-3.980055,4.8818283,-12.280762,6.584093,6.3834143,1.6215549
-235.41518,149.45648,-27.422321,83.485596,20.825638,42.77273,4.257903,-7.68336,2.8660326,-6.06456,3.168395,-0.88978744,-7.5095253
-222.67659,152.02356,-28.140865,73.34973,13.971273,40.54828,4.3922567,-12.423632,3.5141115,-13.9927025,7.654218,1.5715094,-19.403004
-212.19083,172.88972,-23.451778,45.688522,7.517478,34.355522,5.27031,-7.486825,3.9414036,-8.678667,5.5028276,-1.1659849,-7.016797
-191.24591,176.45874,-52.503838,29.234064,-6.816848,20.506783,3.638706,-11.108686,6.144577,-11.531208,-3.3434103,-0.16361582,-1.1915739
-216.07915,176.00522,-13.735174,37.08952,-0.78211296,30.247475,4.8293157,-1.3714229,12.1312065,-10.417744,1.8068335,-5.7946234,-7.768821
-172.8555,191.42245,-50.5219,36.619576,17.517166,32.61579,-8.108125,-17.785284,11.222439,-18.556547,2.423097,-1.1273626,-15.044302
-191.4411,180.11497,-34.335934,47.54059,8.633165,38.053177,4.514331,-11.096487,13.229385,-14.081356,4.155102,1.2357631,-6.665836
-191.32907,140.66235,-39.743027,56.709564,11.824709,28.676329,-1.5376425,-7.2149897,10.87975,-5.2001944,4.976868,4.467425,-9.329135
-238.521,151.72333,2.1932926,57.98787,2.241377,26.769213,5.9605637,1.3890462,12.469324,-7.674349,7.9616165,3.571685,-5.8940573
-262.9953,139.59653,-8.25606,71.82843,22.020561,28.972507,3.3822494,-0.22341843,17.662895,-3.963805,-1.2583958,2.8330112,-7.8149247
-188.95016,180.96486,-34.00831,46.758793,5.429617,43.421978,-8.090261,-5.105191,15.834484,-19.779003,-1.525237,-3.9431963,-9.648056
-226.30818,202.58905,-55.342705,37.82093,13.513683,11.997606,1.7417232,2.7043772,18.22015,-19.879549,-4.599348,4.642428,-1.9832232
-274.82214,201.77866,-34.906715,25.481146,32.647255,27.177559,-3.7254107,4.5510063,16.267756,-13.300593,5.0514045,0.32897598,-12.625254
-263.38083,210.13074,-45.177452,36.11225,24.046112,26.013922,-6.53059,-4.0601754,6.489055,-12.922688,-0.11297101,0.2758509,-2.672282
-398.14014,125.52902,-3.592723,38.395405,10.100016,24.250957,-6.5214095,13.450434,10.784971,8.924208,-1.6150074,-1.2790911,-0.019707799
-143.22238,170.83043,-38.126156,49.515453,-3.980315,35.132107,-8.760418,-0.8630302,-2.7686253,-14.152752,-0.48862147,-1.7722168,-15.273556
-173.06773,191.03802,-64.36514,37.994392,13.70289,31.376759,-11.793232,-14.626205,7.37274,-18.15247,-5.434575,0.21584141,-6.6053085
-214.80142,205.30177,-45.956024,29.981014,4.5093565,17.724861,-16.468513,-4.832051,4.1547794,-18.185436,-4.750279,-4.7385864,-3.789925
-92.84879,159.72997,-62.005604,21.667608,-36.33632,22.950363,-8.81017,-4.132555,-11.373061,-0.54361767,-13.30435,4.1872396,-7.54821
-175.6305,154.05078,-38.219948,27.538076,-7.641267,10.106262,-6.926097,-2.071234,-7.608638,-7.2536325,-1.0620403,-4.50747,-5.6671944
-223.00835,156.25949,-62.656048,41.912506,21.537704,29.445383,-6.3785787,-9.125778,6.605154,-23.816822,-3.692882,6.4470854,-7.904708
-187.88751,196.95772,-73.70527,25.502907,13.146955,33.067505,-9.739554,-17.409996,19.209812,-27.170923,-15.304764,2.622676,-6.2950892
-222.03047,154.82196,-58.27305,43.125755,23.219631,30.209389,-8.13504,-12.485037,14.089546,-20.436543,-4.7625265,2.8539848,-12.128683
-243.06467,135.48105,-38.154526,51.431915,12.173207,19.088406,-12.7537565,0.1662052,9.861902,-21.839571,-7.3180885,-6.3171134,-8.325209
-207.94702,199.6488,-55.694206,32.244755,6.208643,31.48219,-3.4184008,-12.305374,20.794422,-10.814642,-4.282817,0.0837335,-9.39069
-223.53214,203.26462,-45.402786,40.143524,20.875992,32.701065,-8.723515,-3.3262253,21.55692,-20.683613,2.3162298,3.4716463,-9.057579
-205.53061,197.91888,-77.81735,43.4039,32.057175,27.485289,-12.331102,-9.086969,12.342156,-17.13615,3.3285918,-2.0021522,-7.4507747
-238.76308,209.74817,-51.298878,28.128338,19.402903,30.935963,-7.166732,-10.284685,15.492889,-22.53038,1.4523752,4.737242,-6.1767864
-218.61752,210.89748,-37.75351,29.748707,3.4560986,17.798769,0.6464689,-8.038204,28.2887,-11.856012,-25.429102,-4.1532593,-0.12849304
-260.7261,173.68619,-40.61551,46.35685,25.656483,26.219278,-3.6950264,-2.0437026,7.4375343,-14.033397,-5.917241,-3.7735245,-6.304376
-161.86224,177.94427,-29.265789,47.76184,-28.255377,24.81578,-7.506481,7.590464,-1.4704226,-6.2445745,-3.282135,-4.2066536,-20.604446
-172.03929,182.37946,-47.147778,43.237114,-5.149852,13.434805,-8.0347185,-2.7787933,0.06417441,-22.23727,-4.04216,-0.87035525,-13.318026
-224.07242,195.4816,-45.129494,35.98047,3.1697395,7.779307,-12.71755,0.7685983,10.858904,-20.266386,-17.39823,-3.165499,-10.542723
-138.77823,157.7332,-40.457214,43.737633,-1.1750836,32.191338,-7.4540205,-3.791021,4.144733,-20.512583,-2.778333,6.213802,-15.777948
-133.11652,160.50334,-60.718437,48.824497,-6.9008455,23.574951,-7.749317,-6.2921643,-9.639828,-20.788015,-5.611842,5.260492,-21.45487
-195.75969,143.37073,-25.19743,66.62563,7.6437197,34.299995,3.4115138,-0.16528475,3.0617983,-5.5138664,2.254706,2.9810247,-5.8130646
-219.51816,176.8505,-23.457993,56.24047,1.4018326,33.687912,9.027132,-2.6230724,5.0204315,-13.24055,2.5546107,5.390951,1.573629
-141.10945,169.71124,-38.4635,46.967735,-26.672585,31.04657,-8.305945,4.9138494,-5.244285,-9.398677,1.1229041,8.597412,-10.715729
-193.22581,165.10907,-42.673565,45.11837,-1.2538849,16.490076,-1.9471965,-0.7802066,-0.60634357,-13.922762,9.795469,0.25323975,-13.601126
-346.93863,109.42509,-30.058899,27.313278,35.108173,18.938484,-18.909664,-15.540309,5.9810553,-2.1821437,-2.4387493,-1.2818264,-10.110474
-168.74138,188.45065,-69.95817,21.629528,9.830355,21.185642,-13.452988,-13.832094,8.703753,-26.198162,-3.677974,7.356812,-5.7343893
-162.78261,196.10599,-35.886715,32.606667,-9.102724,31.525656,-20.789888,4.0983143,9.838324,-21.62022,-1.5148543,3.6320443,-13.049328
-122.25144,188.21475,-42.85,37.782257,-5.7610197,23.767075,-12.120798,4.6903954,-1.0220106,-19.555637,-2.7001882,4.0310116,-15.177046
-112.16116,183.467,-55.71241,23.935947,-16.530344,11.776181,-7.4541163,-9.511885,1.3450465,-18.094242,-10.460651,3.694594,-9.8468895
-199.34781,172.7622,-60.18393,18.96017,-17.106655,1.7622762,-0.9295765,-7.10703,5.135767,-16.759438,-5.127845,6.655563,-9.989959
-138.4533,182.04913,-81.02515,39.029648,3.9434395,15.600582,-14.877277,-14.481939,1.631708,-23.192272,1.1512194,7.0133657,-10.038562
-233.50287,176.50558,-47.87799,35.67704,26.365887,27.514011,-4.0955935,-12.011183,11.262243,-18.332296,-6.3885455,0.12402123,-15.558834
-261.31976,196.78397,-37.47902,26.828758,37.531197,28.48977,-5.928479,-8.3607,13.673338,-11.755228,0.062426835,-4.5131397,-12.873286
-223.99489,217.13245,-42.83784,18.660568,10.044703,17.977303,-7.3393517,-5.228978,8.758376,-18.176476,-6.467873,-4.1185465,-4.552044
-322.93646,180.31046,-14.867817,19.228374,17.615719,19.85545,-3.3628306,-4.399488,-3.0346994,-14.763779,-8.148699,-0.5834246,-3.8406858
-236.30133,198.96765,-54.692238,34.230904,5.997291,5.0730577,-14.546322,0.4219345,21.634613,-14.826342,-8.92565,-7.2409306,-12.742554
-243.7259,197.60379,-51.061684,36.797985,24.149883,31.361637,-14.642949,1.837113,13.503363,-19.24276,-6.695787,3.670617,-7.123085
-140.44649,150.44507,-36.69754,47.63913,-13.669527,28.385483,-15.377863,-0.70146406,8.483866,-7.174534,-4.3921547,0.84654427,-11.299841
-146.37051,159.38596,-43.89022,47.529602,-21.61145,30.786469,-2.2588158,-1.2486479,2.0881364,-5.4315434,-8.243824,0.8092618,-13.03224
-180.82027,163.06137,-54.081253,54.034515,-10.0127945,30.148016,-7.66315,-9.830553,-7.811948,-15.573279,4.096004,2.9602282,-15.812033
-166.42517,137.22531,-43.684372,62.811058,3.8197012,35.87769,-2.8626757,-5.3862176,-2.482301,-14.919753,-4.84537,-5.8595505,-24.219255
-184.78938,165.35312,-51.660572,37.0277,17.430676,27.062134,-4.998002,-4.4288898,1.205237,-17.037825,-8.669241,1.1876003,-7.756605
-190.04974,185.01147,-40.475666,42.56845,6.079057,15.103847,-2.997379,-4.1146264,20.559174,-11.195515,-9.532074,-6.489165,-15.03652
-166.75664,163.48761,-34.590263,45.219467,-17.329628,19.413391,-7.824357,-2.329242,5.518738,-10.883183,-6.394554,-0.56592166,-17.973537
-168.39362,175.12411,-46.301712,42.08025,-14.456827,32.703117,-4.0958905,-4.0692205,-0.30250785,-11.145802,-0.9755162,4.762572,-14.64475
-140.25671,153.32816,-48.07998,40.903236,-6.145094,24.537373,-12.180168,-9.366535,7.2436676,-17.842386,-18.224998,-3.2673156,-16.20292
-126.83715,146.73906,-66.77682,62.908607,4.4574804,26.55552,-21.535725,-9.799124,-5.264471,-11.924355,-6.642524,-0.68326306,-19.27277
-120.80704,142.64926,-64.174995,39.268406,-26.885004,26.211052,-20.097197,-11.371769,-1.3672824,-2.6768267,-7.603302,4.2999487,-9.400728
-129.64168,195.52942,-63.48011,37.40641,-22.43024,12.481734,-15.374666,-4.7791615,2.6122694,-14.591025,-4.6573377,3.3874302,-4.177006
-110.778114,176.4722,-70.067406,56.568947,-15.703921,28.437695,-19.48843,-6.2273664,-2.5461478,-16.651997,5.422794,4.7568674,-14.7894745
-75.970184,159.42798,-69.2785,47.143066,-32.059124,26.907232,-19.013172,-6.8273306,-11.049153,-12.988678,-7.4348326,3.1644883,-13.703236
-136.8199,141.48456,-57.076153,55.21704,-12.127468,35.118797,-17.381802,-2.69223,5.838945,-21.011576,2.1006677,1.715206,-17.727573
-139.50946,176.86674,-53.15364,50.659004,-2.639926,34.78465,-14.882134,-0.701537,-5.899042,-21.443424,-5.492363,8.864551,-19.177498
-223.663,144.01431,-49.990105,48.58062,-4.231122,20.48705,3.0941901,-11.064728,2.4648101,-12.048939,9.898842,2.9728413,0.3510642
-197.28438,149.07239,-53.389156,41.939636,-0.22347653,16.93668,-19.241848,-31.447758,-2.4388907,-21.732357,-13.893223,-2.9690738,-8.480005
-113.574104,182.29715,-64.89378,40.932144,2.0358331,18.139988,-11.285112,-18.01915,3.0100985,-24.61797,-2.1405473,7.1707215,-13.560335
-189.02936,158.09111,-70.06128,51.49902,12.888285,20.953598,-2.5811734,-10.749884,10.278406,-24.25663,-5.073616,1.0782611,-8.234426
-249.58694,165.02724,-42.469963,44.8848,23.143959,19.680899,-5.602437,-9.590277,15.109144,-15.186363,1.2407577,-0.74951524,-12.568577
-204.3243,151.96898,-52.527897,54.396137,-16.178505,17.085001,-7.637824,-6.5177746,6.1900415,-5.822436,-3.1660023,-1.0826755,-8.053473
-219.54185,180.8787,-49.281837,46.644722,-5.360918,23.543554,-7.8169003,-3.7809815,18.767195,-13.7935915,-4.935608,-4.128764,-10.79365
-117.993286,187.0496,-38.270065,43.064743,-14.652414,39.41629,-15.202907,2.4790964,-0.51955557,-11.5296335,-3.1617491,-0.42079395,-13.458343
-154.9732,176.96811,-39.732468,49.828293,-1.8099842,22.542618,-5.5335016,-9.608714,5.163554,-19.298489,-1.775382,-5.395907,-21.286491
-163.39548,167.93349,-32.327736,37.995865,-19.249153,17.015076,-6.9922776,8.466314,-1.6219382,-17.591175,-4.561636,-5.8613415,-18.085783
-174.46701,136.71307,-48.989555,69.81699,-9.691108,42.73344,-17.25731,-4.0830417,3.620267,-12.656515,-4.06767,-1.6829116,-18.77334
-190.89902,99.79443,-54.91652,67.33946,4.195342,40.5775,-19.156244,-6.9748926,-0.28281093,-7.7493534,-0.20612472,-5.695735,-16.907461
-175.75838,167.87582,-14.707939,44.106743,-20.010231,23.617674,-9.120718,6.3736744,1.9488825,-6.9625854,-1.9071054,-0.11648333,-10.232145
-162.15248,203.99245,-52.508774,44.03973,-27.368393,-6.295454,-0.22363925,1.3896202,5.9829254,-16.883888,-10.487781,-4.66094,-12.060496
-130.07637,178.4362,-54.09568,48.50717,-11.801064,26.737019,-16.412674,-0.7277364,-4.475848,-18.372366,-2.538249,-2.5644767,-20.133709
-151.31705,147.81638,-38.54779,30.356945,-44.12938,33.783604,-7.7475843,-11.86704,3.9558616,-4.7853217,-2.9861813,-3.0628548,-15.897606
-170.90114,117.6246,-43.229546,55.090004,-12.544658,29.132019,-9.644922,-10.387726,-2.3135238,-11.829819,-3.8030982,-0.6432941,-11.595248
-144.3848,119.32878,-52.698788,83.03195,3.5669255,37.696648,-8.2475605,-12.025009,6.564288,-0.5305528,-9.626375,-10.59795,-20.386307
-236.94768,119.160416,-56.754074,50.08368,-4.2873683,24.518196,-10.033542,-10.257482,-0.23063424,-9.776512,6.8780856,-1.6942677,-14.37203
-256.95993,124.436295,-57.61644,53.925568,2.6388106,27.537804,-19.502949,-6.897668,8.173407,-12.026829,3.7626104,-2.7893586,-12.376694
-137.34123,143.74704,-63.67438,69.033325,14.425386,39.942257,-19.694584,-6.55351,-7.9725595,-18.753502,4.06279,-13.379641,-26.023363
-218.78683,183.42009,-64.26518,51.903904,16.888592,22.11443,-4.980104,0.1423732,-6.3282604,-16.983278,7.445488,-5.9620886,-6.3411636
-283.83685,175.98125,-18.554476,39.13124,23.404812,6.935873,5.9459395,-0.11160982,-14.722239,-14.282948,-0.2031287,-6.9239492,-3.3311143
-116.6606,168.42015,-50.423786,47.61458,-7.035813,27.3527,-10.807613,-7.910701,6.7171926,-14.405882,-3.207743,-0.26665154,-12.696714
-141.52,160.18398,-42.694363,60.491417,-5.850235,27.226254,-2.7074428,-5.074205,-3.1799517,-15.303661,-7.920542,-6.5425906,-9.581768
-135.37135,172.65056,-45.14717,48.55378,-34.21067,23.842598,-10.770672,-4.288267,4.121885,-20.401056,-8.485366,-4.113558,-16.741352
-153.96013,174.4349,-34.78965,31.624466,-6.7989664,7.2616005,-13.113309,-8.33334,9.982095,-15.761645,-3.2315598,-3.8499236,-18.770817
-145.90675,168.47333,-35.805496,53.726585,-27.161648,30.910896,-10.49507,-3.5106268,1.1538044,-8.4836445,-4.2148676,-1.3590081,-16.56211
-150.96451,173.14886,-52.126583,49.15644,-0.1216954,27.63995,-12.47983,-6.4834156,1.1916668,-14.627121,1.3578469,0.3769141,-11.153539
-189.46931,210.11319,-58.06225,34.12636,-9.80937,7.3345947,-5.0756483,0.9189203,-1.4078534,-17.947725,9.205076,3.6867065,2.3831139
-86.187515,185.04091,-62.429443,51.752228,-15.9132805,16.644966,-10.811745,-1.7830923,-6.2726316,-14.896971,2.1300576,-2.0407434,-12.50556
-126.35035,209.79776,-54.94077,35.57241,-18.298723,12.908411,0.9238757,-10.324,9.569345,-15.060932,-9.313841,-0.78286487,-1.6843197
-188.39676,137.85947,-53.621284,73.30517,28.126059,26.10008,4.759923,2.569646,10.613527,-13.658058,-8.960461,-5.794409,-11.960245
-182.08357,156.65816,-27.742456,65.43643,0.5161907,30.513016,4.7971087,-2.2992048,5.1716948,-8.86906,-4.937641,1.2068648,-10.530086
-124.991806,167.95306,-44.880585,64.998344,-13.19976,24.914925,0.75866073,0.84109056,-9.307743,-5.293392,3.8390706,-8.834812,-9.466602
-131.07295,176.75687,-65.03221,40.577908,-4.948676,20.789892,-13.931462,-1.5770732,-7.6201286,-16.801723,4.5222964,-2.0057116,-12.955843
-153.96562,139.8431,-33.896282,70.638435,-22.539371,28.862116,-6.664481,-16.129932,3.9380748,-8.069367,-8.157025,-6.4873915,-17.302233
-158.47974,187.90282,-31.447018,46.001797,-7.648796,20.384222,-7.3879137,-6.609879,7.622014,-6.362733,-7.4031267,-6.4103985,-17.622227
-160.6232,158.67361,-56.401352,59.334473,7.4931808,31.00563,-5.7020283,-12.963243,2.1358175,-13.88591,-4.745151,1.742569,-16.246555
-201.59866,116.62152,-51.451385,58.48017,14.29959,31.719753,-2.5504658,-15.42174,-1.2839246,-15.9762335,-1.7261579,-4.069833,-16.301645
-173.01253,149.39835,-44.976784,50.64177,-1.2504203,37.06227,-9.860357,-9.658384,2.6507244,-14.933419,-0.83012104,-4.053442,-19.644787
-192.67068,205.64722,-26.833916,33.15985,-11.092838,28.930298,-1.5341542,-15.896362,0.6050702,-21.278248,-6.490375,2.8082926,-10.958673
-144.52267,189.48654,-50.463097,29.429516,-19.684296,-14.235823,-16.91463,7.8168736,16.088928,-16.63176,-13.740569,-0.5258465,-6.84398
-138.67612,183.9747,-67.83104,43.248592,0.27727494,24.46468,-14.698478,-10.415627,16.161926,-17.335972,-4.278473,1.6106073,-11.088251
-148.04109,194.91248,-65.34121,30.059673,4.707064,29.32412,-21.340315,-20.22242,14.1134615,-24.300596,-11.208206,6.677467,-8.602133
-212.13487,167.09262,-58.79134,28.75996,0.9434414,16.04924,-1.6242353,-7.1113787,13.258668,-20.749683,-6.1372547,2.4950786,-6.5014663
-193.77881,204.82718,-62.26908,17.313282,9.013479,16.48259,-7.3004375,-16.830185,6.689918,-29.51558,-10.767309,8.804448,-5.7921023
-247.29834,191.14653,-39.946056,25.219784,11.276155,8.133137,-3.8557549,-6.343443,12.756695,-19.808506,-7.722728,0.66831136,-4.5395317
-262.30798,191.03549,-44.005512,34.267784,10.404896,22.516968,5.124151,-6.6826696,7.3200274,-21.501873,-3.8373652,1.7958379,-2.4782038
-182.97566,150.49881,-44.850945,59.147682,-24.192911,14.907526,-6.03634,7.830487,-0.5450917,-13.809896,-4.0578327,-11.036088,-11.088034
-80.09368,178.41365,-68.210846,46.23887,-13.317826,8.1019535,-9.64139,3.8607342,1.38519,-19.081839,-3.9264505,4.644424,-12.126715
-114.19541,160.22192,-60.559723,56.509003,-3.6197193,21.04514,-10.841991,-5.971072,-5.1246085,-16.457834,-5.551638,4.936242,-17.66408
-138.7356,194.5188,-54.380005,30.972189,-6.053939,28.147812,-15.660725,-10.237703,-5.0302687,-19.023403,-9.159973,-2.3377242,-13.6125
-113.81281,154.8289,-50.268562,61.01163,-16.730118,31.502731,-6.0576367,-1.2796433,-8.005243,-12.612592,-1.7461439,-4.8706465,-19.676422
-153.4122,176.63217,-47.628014,32.698654,-26.228474,21.027748,-8.939252,-5.1984725,-3.0600326,-10.969639,2.0676503,4.2475476,-13.264978
-424.68073,69.75835,-38.659077,33.83412,22.296165,17.426805,-9.079531,-10.751034,7.9790125,0.8302342,2.6950474,-3.7164235,-13.043116
-188.06973,178.60506,-35.870865,46.628246,3.551488,28.384842,-3.1657376,-7.6002793,-1.1760757,-11.613333,5.1378365,7.756574,-2.800393
-292.39563,174.64822,4.6704597,38.65628,1.0749844,32.01908,11.200651,-5.097702,9.86143,-4.8036213,-0.33357477,6.3078194,-0.030143201
-152.8463,187.30075,-52.224625,24.434177,-20.040203,21.68113,-14.770104,-8.266533,2.1916203,-17.693844,-4.075678,-0.124078095,-4.73402
-74.73709,155.23412,-69.36568,54.194225,-15.980669,32.987732,-24.909271,-5.808376,-4.8101573,-10.470444,-4.0681334,4.9920764,-13.177137
-145.3607,133.15913,-65.56199,65.50794,16.559696,22.008484,-21.080296,-18.11642,-5.9491096,-9.669066,-8.413645,-14.357168,-20.247223
-222.97151,155.65417,-52.574997,64.39101,0.47975427,28.630695,-1.9028966,-4.4945736,-12.797232,-20.647892,-2.2915943,-13.964832,-17.488813
-126.81455,154.75864,-66.77706,59.14681,-16.127178,19.671135,-12.201422,-13.004929,-14.465768,-13.540611,-6.606837,-5.147824,-17.486355
-229.45844,129.38547,-54.89476,71.070274,-22.907932,18.740047,4.396648,7.9995527,-13.454904,-15.264275,2.030955,-9.558958,-12.05
-141.70686,152.91956,-60.58427,55.5907,-0.2863357,22.01941,-9.397085,-14.530737,-12.850374,-16.437862,-0.18589729,-2.136283,-19.136698
-106.10353,173.49162,-51.493473,44.071926,-27.97487,18.988503,-10.881079,-3.4030733,-6.295228,-15.084459,-0.1602391,-2.2192936,-11.902931
-175.64925,194.61612,-54.831585,33.396057,-7.591322,20.93043,-15.240578,-3.6674511,21.110733,-23.882233,-10.268311,9.57705,-2.5895853
-262.93878,209.72491,-50.231827,32.31543,14.136459,19.825039,-10.95082,-1.903125,25.734932,-19.099201,-14.617849,3.4018538,-7.2218456
-107.42742,191.16248,-70.728134,33.799725,-12.372978,-0.46572018,-17.708315,3.1916866,5.653431,-21.398441,-3.6415234,0.7650693,-3.6924686
-98.02212,160.08015,-69.30319,59.84735,-18.10281,17.56779,-11.131517,0.5832267,-7.7762628,-20.401213,-5.1118226,6.2071652,-12.398633
-107.17646,169.72581,-53.57251,55.309563,-17.148636,21.179068,-12.5045805,-2.438808,-9.521431,-24.687138,1.579127,7.435625,-13.084506
-92.77151,187.57016,-57.34944,35.925964,-23.551153,16.153082,-15.3048,-3.28397,-1.8893352,-16.207966,-5.8109674,2.0983076,-14.527639
-119.80414,176.94498,-59.788837,35.42277,-17.071224,12.662096,-12.106945,-14.867611,-3.0209277,-25.552654,-6.5717993,4.113908,-10.446471
-101.20821,161.44809,-61.3648,53.28546,-19.324492,30.794674,-7.274514,-9.600231,-9.449144,-9.76864,-3.0051074,-1.753099,-15.1987
-174.35263,198.46716,-27.900948,35.820183,-21.528194,-3.2838695,-21.972334,-2.2641041,2.7903097,-17.640953,-3.8688846,-4.233224,-17.137493
-197.94531,165.1106,-18.104994,49.092712,1.1961861,23.761772,-14.8416,-3.0685644,4.197113,-20.105932,1.3446226,-13.389004,-20.339804
-180.4753,171.27736,-26.234753,51.04882,-18.20544,27.61941,-9.014601,-5.369527,1.54416,-13.24798,0.1893611,-1.4810075,-16.22348
-162.45328,191.02274,-38.63272,49.41945,4.145768,20.303795,-7.8118267,-6.777455,6.0139093,-14.145903,2.622829,6.683093,-24.005579
-354.9634,81.311844,-44.179016,52.894753,14.660137,21.413548,3.5094461,-6.536314,4.0009623,-6.121312,16.96719,3.7059777,-6.8215013
-167.40753,185.6911,-19.222458,49.126987,-12.200125,22.6664,-2.5938323,-9.1243515,5.477667,-11.122649,-11.094322,-3.3814292,-25.041517
-166.19542,187.94112,-40.485416,37.668808,-0.98397624,33.987076,-0.14599544,-15.33266,3.8840387,-16.553774,-3.9044967,-1.0352988,-15.504814
-207.90001,149.01607,-23.645912,51.581123,-5.0597887,40.704636,-13.090119,-1.0913672,15.436371,-11.370352,2.5350103,-1.9634554,-13.968985
-220.89154,136.39098,-32.434883,60.19471,-15.614168,33.69139,-6.9673443,-5.81614,2.5526853,-11.213753,3.6657417,0.8907297,-6.8354034
-280.51715,103.2101,-16.335285,62.285202,-14.888789,38.920975,-14.719452,-1.876265,11.779486,1.251034,8.409006,-7.792082,-9.694745
-213.86494,126.08507,-41.738373,61.119713,5.4934464,27.103508,-6.5861454,-3.0555592,8.252103,-6.7396684,3.59238,1.1952851,-9.228777
-170.55576,176.7092,-52.104248,38.77276,-16.916323,21.10337,-3.6955545,-0.8309922,-4.9314847,-11.306622,-1.6942121,0.85563207,-13.167397
-123.07387,140.25244,-60.53656,61.990967,-14.819448,35.798145,-15.6088915,-7.2976027,8.324533,-12.284761,-4.8630705,-1.037188,-12.825047
-109.84127,183.99232,-52.130775,37.074173,1.9703529,35.760303,-14.931668,-14.089646,-0.33756444,-24.41137,-5.9861255,4.3660436,-7.0976133
-152.20297,171.81282,-60.186947,32.95072,-14.388508,23.281143,-12.846043,-21.544512,5.2899804,-29.5378,1.8811909,7.0979977,-6.501238
-194.25014,170.22156,-33.896072,50.921856,4.881615,24.62552,-4.527182,-10.341551,2.8239217,-19.730247,1.4713472,-0.8450183,-14.398439
-248.84735,108.996,-35.601257,51.92364,-5.9530334,16.822048,4.229507,-9.734541,4.8814955,-2.5869136,10.85025,9.352814,-2.862259
-199.48663,115.83334,-27.194511,73.23802,36.077583,20.320412,-3.8856423,-1.2241492,7.2306204,-9.407208,-0.98246706,1.6965405,-9.091731
-247.23593,177.66321,-19.188972,32.505596,25.243637,33.94449,1.8057702,0.15684223,13.653833,-6.6255426,1.6772728,-7.1990356,-6.5098324
-287.40186,154.6829,15.374647,54.546482,37.20926,32.924217,8.152111,-4.823746,8.34795,-3.5651708,-5.678005,-15.938402,-7.88345
-261.61337,184.76712,11.7604,54.436962,9.842243,14.197336,1.834682,8.6369915,6.7795424,-5.90351,-2.9193838,0.30994213,-3.5329661
-223.32368,183.64944,-48.24786,46.66246,26.503908,26.034811,-1.0849137,-4.650758,9.400051,-13.158427,-2.530215,-6.2192783,-8.428648
-288.72028,151.58789,-11.496642,69.07068,22.880093,52.830635,0.86935973,-15.701395,14.736232,-10.44223,-1.120489,1.9553162,-10.261782
-258.45163,120.29626,-24.625914,49.430645,12.531815,23.887598,11.341524,-9.99905,12.792414,-7.528626,3.1059859,3.692225,-8.801897
-196.8579,168.93839,-26.50902,49.30713,4.956518,36.768314,-0.06949672,-13.315246,11.394159,-11.52291,-0.68123436,1.2340918,-12.46231
-182.6786,165.25104,-39.512947,62.97796,11.498545,33.59719,-1.871984,-9.18931,-2.554058,-9.9561,3.967646,2.056489,-7.088908
-197.34225,191.21126,-24.54644,35.177536,-14.979975,21.305191,3.7148168,6.11369,7.9347377,-7.416073,1.7737219,5.5284176,0.28580153
-252.48886,110.01638,-56.47898,39.61805,-8.953329,13.162219,8.990974,2.6149764,0.71029884,-12.138111,2.4538276,7.271345,-1.2842182
-214.10999,154.98456,-28.572575,56.806686,3.8790061,19.500635,-6.5074115,-17.197823,3.1696892,-21.029598,-2.130005,-5.8116317,-8.303443
-211.79831,173.31056,-27.887886,35.218193,-0.33699298,22.519566,-0.9411598,-11.345911,6.5014563,-13.659288,4.029421,1.7518436,-6.820418
-216.7089,165.45087,-24.568916,35.590096,-2.5424018,11.250539,-4.291353,-18.452988,4.1268687,-15.820147,-11.362448,-5.881257,-15.922325
-257.14264,196.38014,15.4968605,33.34064,6.3225107,6.511897,5.6313286,0.7261037,11.633774,-7.668283,-10.698732,-9.127811,-6.371823
-278.64703,119.34761,-50.090446,27.39793,1.4940155,7.9430294,10.771412,-16.506979,-2.5348985,-8.82794,1.7443123,6.3798995,-7.0602407
-160.21904,164.32956,-45.890877,43.207176,-7.8269634,22.176785,-15.738457,-21.239595,8.922657,-13.39295,-8.357062,-7.014865,-4.922051
-225.0113,166.0033,-17.335636,45.621407,13.540509,29.46342,-12.4141865,-13.992468,12.468531,-13.721275,-11.4571295,-13.599812,-9.034023
-195.99382,153.86469,-30.39,43.347984,-19.695183,35.45318,-0.1102047,3.808684,10.417136,-3.8183098,-5.8768716,7.65812,-3.7199757
-180.03975,174.95633,-30.74152,44.993958,-0.7558912,30.834488,6.358903,-20.98066,-0.7289422,-17.507778,1.2993846,0.7727685,1.142637
-210.10834,163.84335,-19.438698,58.37487,20.263752,34.68888,5.441185,-11.540493,4.0471983,-13.432228,-7.3701963,-3.3443472,-8.1918745
-227.85345,117.042725,-35.622078,59.484383,40.112617,31.902246,1.2682716,-11.06642,8.939215,-8.490573,0.95436954,-9.95335,-7.222782
-203.7244,161.42671,-48.36561,60.3078,16.593586,29.758827,5.731002,-12.488394,3.4250627,-10.189234,0.26637638,-2.5392265,-8.83572
-191.3107,157.49075,-29.110687,49.507782,3.9630296,27.514149,-2.4913425,-4.716541,4.122005,-14.179221,0.36166716,2.3549988,-3.6619291
-204.70288,200.48201,-44.49362,35.561943,10.326971,23.554655,0.29211733,-7.027297,7.1668224,-17.03947,5.279855,5.7638836,-4.165695
-213.30507,117.07564,-14.960545,50.481743,-13.208026,34.29804,-12.136339,4.273015,-1.1758978,0.731623,-2.00039,-2.7075753,-7.93254
-181.2572,134.48465,-34.926323,55.63546,-8.955793,21.239458,-2.5720167,-9.527977,1.184251,-8.7513275,6.6203117,4.3926525,-11.21627
-145.7398,157.7403,-55.487907,50.0821,7.243336,22.84209,-9.591688,-18.42889,9.193745,-11.730072,-5.2112017,-8.2292,-11.464159
-178.42982,158.50854,-40.901093,59.26734,9.537613,40.1324,-9.432914,-17.639662,-1.3465904,-15.822445,-0.18901777,-7.767846,-12.579628
-352.8307,117.239944,24.353783,33.777752,6.0627184,8.185959,-3.5006742,-0.30335057,6.1534376,-1.8718312,-8.667908,-9.210138,-8.502848
-238.63882,142.95248,-1.2631307,51.89509,12.950798,21.751923,4.777729,3.7243195,11.721474,-4.101646,-4.2079816,-1.476934,-10.901833
-193.41882,178.16084,-33.339783,34.14074,13.301153,24.878584,-0.66283125,1.0275598,2.5627713,-18.903982,5.5729375,2.6703944,-8.636944
-200.8847,175.37634,-44.1025,67.88251,23.164383,33.932755,-9.50075,-9.097675,8.197399,-17.102974,7.004155,-0.7629369,-20.24853
-239.34679,126.48511,-29.430578,72.51317,12.742265,27.56707,5.394356,-1.3686453,7.90845,-15.033477,6.8997016,2.495863,-15.479073
-312.44943,189.07526,-1.7043539,52.014496,27.767204,6.739355,5.4265976,-2.3914073,-3.4596615,-8.897166,5.0111766,-1.5033612,-12.747808
-319.69595,183.62286,4.2781615,45.881172,23.51839,13.811749,8.339809,9.800838,1.7888366,-1.3044739,3.2585058,-5.5167446,-13.030115
-205.67044,168.6383,-24.111187,62.425915,-1.3379501,39.99098,0.548921,-7.3103065,-3.0082633,-12.331993,-5.977503,-4.6622133,-12.437733
-129.29416,165.23474,-31.376541,57.868164,-15.415232,32.44261,-8.66666,-4.718263,1.1379251,-10.399159,-5.165437,4.3891,-12.340578
-247.32903,197.84476,10.489325,30.053608,-2.160502,13.100788,-2.0904713,-0.5628618,10.550732,-13.087669,-6.8230877,-1.6876566,-1.7594771
-291.29077,150.90067,-8.418421,42.704826,14.202898,12.651451,14.76865,7.11874,8.9603405,-3.6738596,0.35908133,0.49878526,-4.9796324
-225.42209,187.76411,-24.204071,49.307476,14.780139,15.840742,12.660878,-2.8430042,5.5761914,-8.897823,0.3862338,0.73304015,-13.627375
-253.11642,129.54477,-39.200317,51.156235,-4.3103137,25.662413,3.7119906,-10.546736,5.0739603,-9.923048,5.2204275,-0.9679228,-2.5609474
-241.95654,162.5727,-18.258125,34.376038,8.392194,36.27115,8.104224,-12.4017105,1.6637499,-11.211009,-5.518775,-6.447219,-13.387259
-187.85756,158.57356,-31.625868,61.930134,7.2540064,32.936035,-3.169546,-12.3632145,6.5757227,-11.251996,1.154531,-0.8213361,-10.432241
-207.85619,149.91132,-13.266449,75.24046,1.4817516,34.668423,-1.3483495,4.5861297,12.609969,-9.279559,2.4899964,1.0643735,-3.9541366
-128.96269,158.41066,-62.840702,57.53727,-1.0482273,37.207287,-12.386595,-3.8551946,-1.5373037,-17.314093,-10.263912,-0.14047152,-22.802452
-145.09485,190.56377,-45.077976,52.607727,-14.084114,18.928568,-12.612759,2.2542183,-1.8287735,-18.301882,7.244963,5.126878,-10.072867
-150.16063,177.4086,-35.88445,35.865623,-12.587177,15.298515,-7.7151604,-6.8545623,6.2371073,-19.973757,-2.8916376,0.4786146,-11.261927
-223.82085,179.60938,-28.956224,55.003838,9.13888,27.195196,4.0654683,2.2331924,0.8874462,-13.712524,1.3449683,3.5585132,-6.166152
-235.5316,179.88477,-13.947553,42.42743,-3.4401119,20.424736,-0.59776294,2.9220629,10.403742,-11.523432,1.250922,-2.4132202,-8.649117
-235.71838,184.40765,-16.088932,53.76763,10.048086,20.316002,0.30913174,6.0145464,5.814083,-9.700693,-1.9259802,3.6785927,-7.2244735
-254.50803,190.81064,-17.952942,47.58187,12.304758,30.141308,6.0385885,-3.786944,5.4570026,-13.098102,2.8538888,-1.217896,-11.963959
-237.64816,133.49945,-33.814045,55.56314,0.34291056,27.332108,11.238489,-2.1162767,7.726385,-8.7088585,0.6188983,2.2780035,-3.5258908
-239.13412,154.84073,-28.155128,61.680397,15.914188,36.533493,3.3248975,-8.369897,10.881438,-11.681679,-1.809091,1.0762902,-4.249833
-219.59247,151.5662,-21.884296,58.156143,-14.377281,31.128431,3.756172,-9.898227,16.299698,-7.136959,-0.45817542,-1.0781898,-6.416155
-273.26727,190.5998,38.85045,51.51262,6.2606792,7.682555,-2.1677852,-0.080418944,10.920084,-4.2177587,-0.38517547,-2.1829429,-3.654476
-271.2162,175.40189,-18.76663,48.284016,29.223816,39.629112,13.798985,-1.4222345,6.0830545,-10.781673,4.1750097,-3.1122766,-9.75563
-281.73532,160.48691,-14.073999,68.032074,40.109985,35.768734,13.754299,-5.1156588,4.3283663,-5.394508,4.5994134,1.1711828,-6.656452
-211.39706,150.49072,-38.444313,39.80988,-3.1499698,22.111725,0.06408715,-23.008625,-7.2107215,-16.74101,3.1257896,-3.8361962,-6.189989
-209.55702,164.4971,-13.358171,54.65557,10.9728155,26.525494,2.3570209,-5.9581995,9.433079,-14.399598,-4.125311,-6.318339,-12.074645
-215.84451,196.63287,-9.553471,44.07877,4.0062428,25.867464,2.975956,-4.107828,5.295352,-15.252816,-3.9383602,-1.3884761,-7.12863
-207.89346,158.43823,-39.528088,35.2286,-7.6235332,21.855526,3.9461162,-5.630678,7.1201186,-8.19203,10.433842,6.566338,3.5267296
-165.3741,193.44888,-53.98911,31.34774,1.0665473,14.577566,1.6013426,-13.748796,0.6263757,-14.729579,5.9968157,3.438177,-4.9277825
-190.17023,185.44333,-43.470215,42.308876,0.51222986,21.672504,0.05483198,-7.961482,4.634363,-16.458317,5.9159455,2.9989393,-6.813342
-221.715,192.1128,-7.305992,41.243366,17.193892,18.893854,4.825827,-5.2615914,10.8907795,-13.321957,-0.1583929,-5.017589,-13.577749
-205.51648,186.26791,-30.207325,54.115562,23.711163,28.277035,-5.9525623,0.013753384,6.833517,-15.19105,2.0861282,0.5810472,-11.116261
-177.54631,180.70053,-40.17375,45.006767,2.4740922,14.417559,-1.7406282,-1.1175821,3.809454,-20.59962,-7.521531,-5.1097116,-7.005374
-204.49019,158.565,-53.06055,72.8351,18.61259,31.707413,6.6269913,-2.2331305,7.2983675,-14.7920685,-3.499003,-3.9757035,-13.818966
-233.9624,131.35876,-43.231167,50.382683,-2.337969,22.315437,0.5395956,-11.491088,6.2237997,-5.4473324,-0.11451927,3.3203816,-6.280492
-175.48633,156.50952,-47.493866,55.225792,28.908634,31.266483,-10.498451,-23.467901,1.9718096,-16.231396,-2.609445,-9.836702,-12.157937
-220.16214,178.88116,-19.396534,45.12159,10.990568,27.938116,3.5869622,-3.122239,2.4164948,-7.6687603,-2.1136494,-5.917351,-8.597053
-279.3906,184.30847,6.7764454,47.134842,16.31418,21.98024,1.3528969,-8.407162,6.4206934,-12.101928,-7.814982,-3.7257435,-3.6065073
-197.60826,191.64307,-46.504646,37.246647,4.428097,30.027931,-6.2556567,-13.46036,7.759069,-14.264784,6.080441,2.9439206,-9.962454
-269.963,165.9336,1.0579547,35.90233,14.05631,34.885468,10.956024,6.95674,14.75449,-19.310558,-6.5852766,-3.8116322,-9.701752
-98.36419,194.58575,-52.649734,43.065235,-17.81998,27.645695,-21.221004,-1.8046358,3.8947382,-19.596169,-7.5285807,-0.05156593,-9.63751
-173.26636,179.56506,-46.77077,60.043514,-1.1423297,23.935658,-11.057534,-9.67127,0.83213556,-13.944206,-3.8940926,-2.182737,-17.547401
-174.57776,189.53189,-41.25271,39.769207,-9.781383,24.52185,-4.720686,-1.8264681,4.60138,-23.54716,10.797637,-0.6678927,-10.8662195
-217.04634,116.99839,-61.36859,64.8186,-6.975809,26.540876,1.6018507,-8.407486,3.664791,-6.6158876,7.5730724,7.596683,1.2172652
-218.68224,137.5655,-44.11087,58.763897,-7.9117208,26.390924,2.0285265,-9.909289,-3.1461499,-7.3493605,3.6190116,8.404182,0.38955247
-117.74864,160.32886,-63.73902,56.681107,-11.572205,26.398949,-3.9777312,-26.146828,-13.048014,-20.214859,2.0204186,-0.20386386,-4.432836
-158.65697,171.42331,-45.43701,49.309418,8.236356,39.496574,-7.644735,-21.65395,-5.657888,-16.777431,-1.6449807,3.8675904,-14.149239
-181.41583,187.77396,-24.366585,36.51709,-4.5828323,32.386345,-3.4904509,-13.734584,1.8088382,-18.899982,-2.0583658,0.38847136,-5.277646
-250.59592,182.54121,-6.0672092,53.62229,18.941084,21.866383,6.7920923,0.3384534,6.575862,-12.261343,-6.6743746,-7.1980243,-7.3675685
-207.87329,164.47769,-20.049023,46.14057,-2.3749087,18.698063,-4.1712055,5.4529037,8.594182,-10.24865,0.3605662,4.1310225,-2.5687718
-176.93906,141.01263,-35.654907,51.07773,-1.3922875,30.280281,-11.829987,-14.417906,5.672163,-13.629192,-6.4530654,-7.5070105,-14.295244
-223.09918,162.68582,-49.911694,25.326836,-18.811052,16.851898,0.04954225,-5.375411,10.660745,-12.842178,7.291607,9.06404,-1.9674839
-213.95367,192.46887,-11.562441,23.844692,-4.593133,4.2543077,-10.094188,2.3129425,6.1765947,-21.344372,2.1247993,6.6685915,-10.575601
-210.53253,170.93954,-9.369368,40.243065,-1.981096,21.752201,1.3203478,-3.8420877,14.095419,-11.481916,0.7113534,-0.65346175,-8.360806
-258.95367,122.369354,-33.05224,29.658096,-8.114876,7.4976335,11.678255,-0.11097014,9.204664,-12.052071,6.9885454,8.942234,-7.669651
-210.24623,179.50829,-14.631851,53.64379,7.156026,27.870907,5.2250447,-4.3806167,3.0877144,-14.029917,1.3225014,0.42950368,-11.21094
-216.90129,180.01364,-18.631462,71.45557,9.938332,18.01026,9.386916,-1.6664159,6.2321167,-7.4658747,-1.0498941,-4.053232,-12.249144
-214.59105,189.59274,-26.566341,51.22644,10.2714405,24.997128,0.057778955,-12.692756,0.13355643,-23.052544,9.520881,7.18843,-13.720397
-221.59067,178.19896,-41.005653,47.22609,16.913528,41.49427,-8.710228,-10.901609,17.980778,-19.889065,-9.248009,9.228466,-7.998722
-215.08734,206.01895,-40.43449,30.776993,-0.18750876,28.142109,-3.4808722,-5.954174,21.158756,-25.541687,-10.6400585,10.382919,-4.109018
-195.23705,199.30563,-50.362213,26.833294,-4.7113457,31.022873,-9.319107,-4.8955617,17.773031,-19.097313,-5.0142407,10.828458,-0.8294127
-230.56674,206.89743,-29.00298,23.195896,12.737501,18.637306,-10.799293,-6.7606745,17.517118,-15.572198,-3.8785374,7.3486176,-8.629581
-202.503,182.51483,-56.679634,54.47357,27.530766,34.307823,-5.7017307,-10.082675,22.760017,-18.364065,-2.4370131,4.8799,-9.507595
-250.42334,207.05441,-23.970724,29.307503,13.682171,21.798409,0.94655144,-2.9620938,24.40837,-17.267073,-9.556735,5.332045,-8.043613
-309.83356,203.32947,-25.947586,31.327274,41.10061,31.940685,-2.1824799,1.4317946,11.189079,-9.815382,4.307827,4.8645983,-14.851471
-416.3839,99.21408,22.051449,32.15495,7.6608095,4.783888,-5.129303,5.8507853,12.424513,0.81352115,3.1625369,6.05134,-2.395656
-188.82791,174.5127,-29.101345,55.4533,2.485864,23.326452,-1.2731097,-3.1556811,13.340416,-21.3759,-2.4298618,1.0872487,-11.616531
-195.66353,193.92245,-32.918045,44.018257,-1.8857509,20.386024,3.8066525,2.1949286,4.5444922,-16.345173,3.9947538,1.757826,-4.4266615
-163.7292,175.5303,-27.97897,49.949722,-9.888731,31.729431,-7.3001757,8.352946,-1.8304483,-14.872938,-3.0636418,-0.44771802,-19.134573
-134.24101,168.38875,-47.210052,55.690063,-8.091975,20.924099,-9.132588,-5.305352,14.421724,-12.932657,-14.539153,1.1355932,-6.761045
-171.5239,214.01176,-39.06538,46.708633,-3.912106,-28.005255,-22.512154,-0.48810625,22.325148,-12.454304,-2.1726823,9.7088585,-2.268363
-185.24652,174.51416,-32.08648,30.641525,16.047749,20.7475,-0.57389545,-1.3505698,5.8034725,-17.460155,-2.6876955,2.00851,-5.498509
-243.81563,166.8107,-35.070023,41.882683,32.467808,16.71867,6.6345143,5.6264668,8.39736,-11.612543,-0.68981504,-8.355377,-17.680233
-212.74387,170.13405,-27.764061,53.21873,4.466296,24.872055,10.949221,-10.326834,1.0274465,-14.744627,1.8482099,-0.5079607,-12.885913
-202.42424,134.70163,-42.50241,49.41569,17.536858,37.0325,-3.1908498,-21.257387,3.6535888,-7.5078597,8.549083,0.48235214,-4.6114807
-203.01965,167.95224,-13.323507,41.40271,10.1166315,22.020988,-5.9596553,-9.207452,12.61125,-15.524767,-7.93619,-11.093827,-7.096215
-261.6674,162.90791,-15.287335,24.647076,16.052216,27.542484,-1.0339977,-8.567568,6.1777105,-4.9400315,-0.19476455,-3.4418635,-8.492781
-228.28111,182.26529,-13.5404825,53.10941,4.360881,29.761967,7.2026143,-6.1230664,5.597878,-8.827,-1.8474905,-8.211737,-9.170167
-228.27068,170.00717,-20.706228,52.915546,12.994817,27.750872,6.9975543,-8.458651,8.510734,-13.5452385,3.6352172,-2.0998664,-8.583303
-181.4734,156.5505,-33.843178,38.448578,9.268283,21.256588,1.5228372,-7.5746202,8.018332,-7.7516084,-2.2059426,-2.1548502,-4.288105
-205.51361,152.2933,-29.936352,68.47212,14.351401,26.96409,-0.63152283,-7.472324,5.9537334,-12.287626,-0.7647815,-5.971094,-10.810757
-235.19887,139.51352,-7.5989227,43.499386,12.738594,23.336727,2.6316543,-0.8094784,8.352367,-5.487133,3.3832426,2.227954,-4.172095
-255.3125,208.62099,4.655341,29.691242,10.937929,9.143345,13.543881,2.7073877,3.7255056,-9.218255,-4.9393635,1.0063138,-3.392964
-229.65439,174.6915,-12.782142,49.24285,15.044333,33.492874,7.984128,-7.772383,6.375952,-18.065971,4.289788,9.745144,-3.6518846
-225.42856,155.9007,-29.991928,56.876938,15.45254,25.945164,5.5206537,-3.0081725,9.598621,-3.4667869,4.7210617,2.9833484,-11.70738
-215.32494,171.51147,-25.150246,48.913124,19.542704,29.779373,7.935651,-2.4988523,3.7946265,-1.5579228,2.3683896,1.2916999,-11.948368
-217.39825,163.41574,-9.095036,56.692253,-1.2730739,23.954899,8.380056,-2.403689,3.3466232,-7.0670576,2.4910479,-3.0460432,-7.3989315
-219.2866,127.282196,-25.08805,60.21974,-3.4929657,30.719227,2.667473,-8.470752,6.251511,2.0780315,3.742898,2.989238,0.1969055
-163.09642,179.28542,-32.29084,55.654068,-12.356703,34.29299,0.42754507,-16.219032,-4.9369,-21.063969,-2.1281705,-2.6405597,8.602161
-332.81885,147.69241,20.295464,30.103428,19.619778,25.455622,12.272501,-0.37134427,4.510961,-8.405056,-8.096641,-6.756627,-9.0529
-195.66103,182.02695,-29.231796,48.684715,6.6970043,26.396347,4.5743146,-4.503522,6.631483,-9.252859,2.0736835,-4.76408,-9.490314
-247.45132,129.60399,-20.836987,74.60249,22.53976,40.73646,-5.10066,-14.598276,8.848579,-6.8854017,-2.0596666,-8.598541,-9.635428
-387.10242,78.01871,-8.119896,46.404346,40.292145,24.379665,9.626789,-0.8439997,10.043926,5.75397,3.9785626,0.9077372,-1.7115976
-157.93323,172.88126,-37.13066,41.905334,-13.157643,21.459785,-13.6883545,12.3492,-1.5410259,-37.89125,10.354312,0.041073978,-7.9800706
-206.10783,165.4162,-52.515106,49.216446,-1.6476759,43.81585,-7.0512314,-2.8918846,-0.9444176,-39.8022,7.259607,1.128123,-14.071831
-218.62517,142.05655,-39.651398,65.610565,28.713255,35.9661,-9.278683,5.619625,8.50829,-15.7533,7.7762604,-2.752944,-21.296354
-146.75124,159.64233,-41.215195,61.870705,-5.0498934,36.768463,2.195247,0.97296476,-3.4969454,-18.288288,1.3004334,-5.5973787,-14.688303
-163.24995,178.51173,-47.997917,44.695084,-7.461796,24.104776,-4.2417054,-2.9662058,6.457646,-13.428833,5.9363813,2.6633992,-4.3316383
-150.23047,196.91159,-38.28441,40.32596,-3.760419,19.62195,-9.727048,2.4247007,2.8410943,-19.939423,1.2220435,1.6102605,-6.3700123
-185.16655,205.41565,-25.15062,24.697956,8.553835,12.438856,1.1843895,-6.6682997,-1.2618376,-19.041542,-4.16427,-0.59803283,-9.056329
-201.74005,181.9751,-48.514977,30.270084,18.43243,26.820005,-12.975432,-13.6500635,15.436613,-21.346474,-6.8896794,2.1789966,-4.1348476
-192.07166,176.1784,-55.580116,41.331963,23.693058,23.072506,-8.502895,-8.036159,6.564183,-19.44934,-7.8204527,10.361868,-4.9988832
-212.07425,212.23833,-48.458183,22.783024,20.178755,17.301613,-12.081083,-1.7971737,15.950796,-19.914211,-12.560406,10.333864,-6.145882
-234.00668,197.5416,-53.58347,28.941685,30.173264,32.62729,-7.2919245,-5.453107,15.594576,-21.229034,1.8233268,-1.580694,-9.911004
-570.6715,52.969032,8.559614,48.434532,2.99898,19.625622,-1.3858957,14.29418,-1.1083469,5.859524,2.1255074,8.122213,-4.702546
-286.74005,183.28595,-15.659097,40.349228,4.11285,0.62637883,4.3397655,11.500374,15.645652,-1.8506265,3.8735032,-0.342632,-4.319232
-146.36671,187.42267,-32.247177,49.769356,-8.733824,12.46823,-5.7018824,-2.4012036,12.39292,-19.388865,-1.8703678,6.764414,-4.777182
-135.43272,185.67801,-62.747257,61.37218,0.57796204,18.162352,-8.098149,-8.455262,7.375455,-20.147285,0.6579901,1.8500947,-11.1054535
-196.63226,155.90482,-51.293674,79.8507,22.013855,27.947613,4.6401873,-9.408516,7.11482,-10.31835,-1.7779363,-9.637005,-14.770687
-209.90692,161.68681,-38.456154,49.27984,4.6909285,20.389156,2.7154677,-4.4021673,5.581773,-14.925417,-2.2606723,3.417477,-6.324353
-175.38846,151.60947,-54.0318,49.59738,14.896177,24.691956,-1.4357386,-10.627298,1.9926665,-13.0088005,5.163766,5.2889104,-11.457903
-185.30257,193.80844,-42.47998,33.159256,0.10290289,15.282188,-4.3933654,-6.297674,2.5331225,-13.604698,3.229445,2.5068877,-7.0885487
-208.82312,180.35684,-36.95678,42.56836,7.151965,22.144192,4.0640874,-4.798266,5.22696,-18.344135,5.2460985,2.5306716,-10.454152
-225.89993,172.97147,-40.587666,19.238132,-10.246901,11.102416,2.422234,-4.507602,9.452902,-14.076075,7.19279,7.269018,-5.54797
-190.14503,190.20734,-26.111282,34.593033,-1.467524,16.393517,-1.3737519,-0.5266056,8.233501,-20.010187,-3.1283512,-2.4795809,-9.712076
-177.27196,175.37442,-33.17637,38.019417,-2.6182148,31.244678,-7.818676,-12.008917,4.02544,-21.522575,-1.8141551,-2.7528667,-11.613428
-191.24239,167.73433,-23.76424,50.913116,18.054358,32.7291,-3.8881636,-18.773737,6.187891,-14.220875,-6.7357707,-10.420381,-12.714176
-212.57318,127.18468,-18.694933,64.21413,16.334782,30.11136,2.4522943,-1.3733013,8.643064,0.388411,-2.5395188,-8.803019,-7.8869357
-207.65788,142.8688,-51.388733,53.765312,2.705332,22.18491,0.98600626,-10.367066,7.5124793,-12.065828,8.693871,0.23222545,-7.8480525
-198.29463,160.76147,-46.23272,71.71555,13.039673,36.25154,-5.8312554,-10.503049,1.5858514,-23.41748,5.92531,2.6501417,-16.61058
-149.2887,170.41824,-41.045174,64.665596,6.873064,37.374573,-5.4249487,-0.30361262,-1.0180304,-17.960491,-0.8808,-1.2202636,-14.94063
-189.86761,141.18994,-28.067112,55.903297,33.27942,31.791016,-1.00162,-8.4409275,7.6115413,-5.743306,0.5927334,-0.61994374,-8.840307
-201.48326,179.9386,-16.478401,44.340416,0.2309283,21.495209,8.7261095,-3.526391,10.47304,-12.854401,1.0263634,-2.6252565,0.41064012
-179.7395,167.02628,-35.049225,30.033083,-16.106787,15.153905,-3.445159,-8.723881,6.1685157,-11.599157,-2.8801768,2.385697,-5.477073
-192.0803,146.44507,-29.020908,46.193043,9.470266,24.548943,4.2318954,-4.4589663,6.1059804,-6.5390997,1.2457565,1.601598,-7.4020476
-179.49083,155.12756,-27.55333,53.157944,-0.97579354,32.288506,-7.04389,-1.6034629,1.3847091,-11.685427,1.9527916,8.086999,-8.390251
-234.27364,127.50581,-22.60173,78.31073,40.08027,34.8255,0.1593396,-3.76834,9.655266,-3.0000038,-0.16129267,-6.528077,-11.584747
-258.35556,164.24924,-25.265715,63.531116,15.557774,23.193262,10.544928,-6.9550357,3.733617,-16.662884,-1.118357,2.482796,-11.315306
-253.33006,172.84143,-22.55005,61.93969,23.772285,22.553692,17.847492,-2.2477517,0.03507611,-11.61551,4.467883,3.8826952,-5.3254166
-271.63254,118.62979,-75.16527,55.159714,-1.6670376,26.68736,6.428508,-5.878853,-1.5950518,0.24615079,2.8825593,4.929678,-3.2553806
-161.42938,144.14871,-53.738167,42.806923,-10.342279,28.567902,10.58463,-9.159112,-2.8076568,-8.87919,4.5224113,-0.35007396,-2.8690946
-146.88971,195.19193,-46.868874,40.149357,-20.04703,14.948013,6.031561,-8.750774,-0.5648762,-19.528246,-2.592457,-2.4108033,-10.294376
-161.94629,167.57898,-60.94023,45.665253,6.6328664,21.863464,-6.166974,-28.445831,-6.9391413,-20.643242,-2.1176786,-4.051513,-12.940028
-177.83841,147.38745,-54.97859,66.48625,22.98701,27.316582,-6.436476,-26.077888,-6.5078897,-17.169432,-2.1704516,-7.472267,-16.825077
-207.79964,151.37943,-43.379814,51.559425,14.067055,29.707413,-9.815346,-11.331541,14.338449,-13.692099,-1.2602704,-7.457132,-8.456703
-230.31888,179.94226,-16.475588,36.00294,3.0093455,17.760626,-1.0533979,-15.793936,2.7969506,-11.790738,-1.7680508,-4.942848,-15.089838
-205.71555,162.38626,-24.574154,54.376057,7.5824738,24.29122,1.2511944,-0.4894594,9.068957,-13.69973,4.0253487,0.5691378,-9.25225
-150.69112,197.167,-46.619076,36.50267,-14.696129,14.578659,-7.1003237,2.8704872,2.441687,-19.907196,3.5141575,-5.8527465,-15.197667
-91.85015,174.60712,-61.08295,36.70534,-32.928295,11.688292,-7.9218683,-6.8099027,-7.206834,-13.118162,-5.2628245,5.361639,-9.431918
-116.04672,197.05026,-73.074814,27.565079,-13.319404,8.354614,-13.116535,2.1908798,12.952803,-15.552933,-5.623685,8.170217,-4.431733
-156.2873,177.2957,-51.94812,29.029415,-9.150974,6.7993956,-6.591173,-0.6677133,7.423708,-17.837463,1.5892009,5.736358,-9.18083
-197.6515,174.76195,-26.326284,40.030754,2.043351,22.654423,3.37525,1.3987802,10.393887,-12.824394,1.4861364,5.4768887,-2.846814
-136.11876,181.41551,-55.3854,40.682487,-1.4577019,21.77566,-1.8695841,-0.62532413,-2.0422666,-26.902296,0.17304838,5.13994,-9.726836
-96.39017,189.83473,-71.32271,30.806479,-11.114986,17.740223,-11.724459,-10.18528,5.544427,-24.826256,-7.922083,11.009918,-10.703091
-113.01643,187.50162,-65.567795,32.840446,-6.2316923,13.979985,-17.7248,-7.1066456,14.851286,-20.515974,-8.356566,6.0222225,-8.324066
-120.80352,179.66693,-41.409622,51.865517,-11.573007,25.984547,-5.87647,-5.3257446,3.2939587,-10.907471,2.9199677,1.4144194,-17.975945
-109.83317,196.8596,-44.81533,34.258915,-25.465446,10.159248,-12.871561,-7.881268,8.826511,-10.196617,-17.03297,0.62285775,-9.828412
-136.30836,158.42471,-46.865234,56.384262,12.061841,39.154305,-17.265068,-4.4893456,1.9054735,-16.585611,-1.4177941,6.9261947,-17.798069
-86.56618,180.82327,-60.94197,44.06115,-18.880363,19.540447,-7.200817,1.9559534,-18.003595,-21.445465,1.6843922,1.4065689,-13.613256
-119.799126,162.52977,-52.905933,36.273277,-24.18552,12.637581,-12.653547,1.545438,-9.702351,-14.689041,-1.9061865,-11.344204,-22.844797
-183.39113,151.74358,-54.69129,33.71866,-0.06952953,11.011014,-8.513951,0.80705833,-5.411274,-18.892178,0.9644717,-3.09934,-9.92472
-168.52205,170.9454,-36.09391,47.395363,-13.588942,15.293856,-5.0175104,7.27978,-7.7940702,-17.937527,1.431404,-7.117657,-10.437262
-174.53963,170.24994,-37.88805,41.18821,-15.082525,8.790884,-8.642052,3.6135824,9.858616,-19.931747,-7.374508,-2.090436,-4.802666
-178.96642,185.32672,-27.21899,40.034096,-14.462391,24.69454,-7.0071754,-5.1091366,21.720535,-20.660557,-5.6253767,9.279579,-1.0690914
-174.08292,205.48236,-44.627434,-5.853348,-1.119898,9.725561,-13.993726,5.509308,19.295334,-18.908905,-2.4065373,15.967255,6.221735
-264.22748,182.71414,-21.05012,24.136063,17.73382,12.455225,-0.24493474,-1.3518817,14.484036,-15.666905,-11.902002,3.2593687,-6.2744308
-281.90826,174.14821,-17.22913,42.835663,19.023726,19.581036,5.9349537,-0.76752245,13.241297,-7.880702,-7.983052,8.470699,-1.8437046
-244.59521,173.21556,-48.962723,47.93187,44.757027,31.587872,-1.8241898,-9.902769,13.517752,-11.419917,-3.2269971,3.182736,-16.340696
-273.75687,206.06015,-33.090664,38.056576,21.394703,21.304214,1.4882948,-4.0142174,9.145755,-19.131886,-4.467697,8.103484,-2.6389484
-312.11218,168.9475,-21.118763,33.306515,26.643211,16.456814,2.0416064,3.452001,16.157724,-11.097601,-0.56762075,2.9302514,-7.6393538
-135.39377,188.16864,-64.53137,39.32911,-8.483284,4.245872,-2.9067721,0.8373344,5.410764,-15.535367,4.6304846,11.254073,-4.9593763
-136.43257,202.26971,-50.283302,44.07212,-19.43264,9.275515,-6.9146013,-2.5890164,-3.6807308,-17.661217,0.08680344,6.356278,-4.4457912
-201.70212,170.943,-16.056198,39.28804,2.3723917,18.028393,5.704322,1.500403,1.5120791,-13.046055,-2.6159616,6.1710234,-7.7387495
-155.37932,181.77277,-41.613876,24.523827,-1.9134035,22.404182,-5.7916207,-5.567265,-11.790238,-20.279802,9.118057,0.35208243,-14.978209
-208.80904,137.4678,-40.236748,70.75644,-24.503239,28.29609,1.2076285,2.4818664,-18.342072,-17.52222,6.9917307,-8.146869,-11.207764
-333.382,209.47873,-0.6552194,35.345413,17.732178,20.322903,-0.15672785,5.547696,-4.3759604,-5.391429,6.1098914,-18.122536,-27.482952
-248.29657,193.91214,-25.45001,53.811897,-9.56571,-4.157315,-4.456497,18.511703,-5.7911053,-14.803759,-8.744915,-15.808514,-15.392767
-284.16058,183.49759,-23.761005,48.35412,4.744454,17.219784,-9.16299,10.161419,-11.299173,-9.74712,1.6931671,-9.649299,-15.122364
-277.2088,188.43552,-40.196198,44.193893,20.888245,23.821829,-8.508992,3.996317,-1.7389909,-13.424282,-2.563651,-12.247545,-18.244272
-445.53375,122.66517,10.558331,29.209969,-3.8407927,14.779076,4.0543394,4.1663885,-3.351027,-8.072812,-4.7845755,-7.6369996,-14.198693
-429.96783,151.99619,-1.0273206,52.42246,11.579544,17.935093,2.9143872,9.039887,-1.4764977,9.117739,1.903223,-7.2615213,-7.87905
-312.87332,161.97426,-19.977104,39.597923,0.33992252,20.104258,3.2715154,0.47902423,-8.797343,-12.183961,-2.1846244,-8.279337,-3.9885514
-448.1039,120.476456,-11.635645,35.002716,1.834234,23.757576,-0.24257503,-2.0626504,-17.059473,0.60624695,-1.2814567,-0.1462746,-6.4504356
-223.9182,163.73853,-27.662872,50.650673,3.1430333,25.028574,-10.707385,3.5282035,-13.42864,-10.646812,-4.4219823,-13.813825,-9.511927
-267.48785,171.55762,-31.241848,54.206867,7.4312086,26.006382,-5.7568846,12.283516,-4.247879,-8.792551,3.8641973,-10.519888,-16.627172
-345.29602,154.89877,-14.162592,39.788704,13.751647,28.191792,3.1683216,-8.06565,-15.81758,-10.296095,1.7637391,-0.04827833,-5.6047263
-256.32535,149.6991,-61.465866,49.425476,19.304974,34.382217,-14.790221,-2.727675,-13.998473,-14.999443,4.402942,-5.428646,-3.9141622
-315.28262,194.40894,-4.1710534,35.28827,5.6464458,12.823203,7.593914,4.720982,-29.627283,-7.3911004,3.882373,-6.0534606,-0.52768886
-213.80653,173.94885,-58.43828,63.994278,-9.007925,35.397614,-10.201452,7.8910284,-9.979523,-15.2067795,5.9964485,-6.955651,-14.355701
-328.88196,144.79837,-9.481277,41.114986,3.1500087,23.029594,-6.928341,1.7853215,-16.102943,-7.244539,-2.1105523,-3.776019,-10.094196
-295.49548,174.80112,-36.475273,49.02936,24.624685,16.605835,-9.616327,2.7477498,-4.9999385,-9.016503,-1.7909863,-5.8864994,-10.398888
-337.7599,167.31407,-9.441317,35.890297,8.67856,22.442102,-1.6757052,2.942819,-15.644293,-6.206623,-1.2800378,-0.23089874,-1.9938022
-291.9633,154.71597,-47.24762,63.431015,21.40616,13.298302,-8.145027,-4.16988,-22.927895,-10.003641,3.6593304,-16.212765,-7.7707634
-273.40024,185.87164,-32.454,57.482773,15.635712,20.673714,-5.8363934,4.556938,-6.827235,-18.16385,4.315984,-5.871013,-19.036474
-290.35413,133.16656,-30.325443,56.273064,17.134823,29.6016,-1.3911498,-4.943569,-11.205677,-4.0145597,-0.70522344,-11.087151,-16.035671
-279.31403,145.86443,-55.72252,70.46756,23.970144,40.418022,-9.934016,0.7894536,-14.826838,-8.127452,1.7661015,-3.5774462,-19.2812
-268.40808,179.57529,-42.884605,51.02777,0.8469805,28.032051,-0.76666605,5.1495266,-9.533209,-11.185526,-0.92491746,-6.239752,-3.8367484
-294.54962,215.27003,-33.30757,34.21849,10.32482,12.5095,1.6137338,7.0711727,-15.658022,-12.780548,-2.2810848,-5.543066,-4.504107
-220.4832,191.12701,-45.19921,48.509422,16.773651,16.90374,-2.4855535,-0.036031663,4.4161305,-11.133297,0.9128804,-5.2644596,-7.75648
-359.36972,137.99005,-32.909218,55.613533,17.977951,27.61245,0.09917402,2.7318985,-22.083668,-7.609785,-0.7806231,1.4313254,-5.5361357
-419.84158,130.00894,-28.945465,25.802092,-11.165777,16.371267,-13.324837,-2.0443199,-15.734912,-0.66518676,0.19159216,5.8567,-6.3053665
-254.05336,139.8537,-10.5459585,44.92464,-8.421487,15.912231,-8.761613,-3.8679647,-13.228172,-6.48276,-5.0859594,-11.859867,-9.529575
-338.81296,139.84277,-25.094517,76.18142,30.281843,27.996552,-9.68325,-0.85917825,-7.1066484,-3.605673,-3.989631,-11.09887,-9.366652
-324.1711,126.39757,-16.448975,54.95366,11.526765,34.679436,-12.193086,3.4438663,-5.954824,-2.8504329,-5.5391335,-6.714993,-11.423771
-287.8182,162.89558,-30.740875,27.063126,-7.20586,9.66421,-6.682353,1.0229907,-12.587868,-6.639077,3.2786412,-2.123495,-7.9203033
-270.95358,169.1026,-39.12548,37.044838,-23.04694,12.153867,0.71474874,3.4574559,-12.070927,-6.062093,1.0431981,-3.9008884,-0.9264939
-323.91916,118.23984,-37.42252,57.177505,-12.840336,16.342705,-2.846066,11.009904,-13.352375,-1.374429,-3.4543004,1.0146346,-8.322688
-390.5278,154.49661,-14.964632,35.26,7.826087,18.097061,4.975569,4.149223,-11.541355,0.24183404,2.3551984,-5.0724735,-11.727912
-271.72244,138.00354,-36.995396,55.824425,9.162319,40.03026,-1.0193388,1.9069144,-12.749632,-3.4114401,2.8425076,-10.973192,-15.991695
-282.93887,180.39862,-33.615067,60.60672,15.482792,19.855427,2.07256,4.350277,-5.332795,-13.557156,-5.293951,-0.7595713,-4.8369846
-271.8002,215.11703,-35.668556,35.05742,-5.9230065,10.457113,0.82080805,2.3319366,-14.875998,-8.71163,1.5139024,-2.7384145,3.8932319
-414.5374,130.98138,-15.487538,54.305534,15.49404,27.403915,5.8675313,13.607022,-7.455949,-2.5248578,1.2319598,-3.096868,-10.944857
-245.43044,134.68091,-5.0613894,51.74315,-5.8075495,20.22231,3.5429595,11.252354,-4.0658646,-7.0689297,7.366893,-0.20632327,-1.1423637
-339.6832,145.32344,-34.938225,26.73436,-11.749004,9.707648,10.415675,12.791547,-13.804693,-7.740616,6.4674673,1.078018,6.387469
-247.7821,177.13425,-30.070253,55.545784,0.3082273,35.339806,-7.125508,12.555916,-25.97355,-20.798256,5.385825,-6.0053387,-4.617297
-242.55858,137.07065,-34.979504,54.078598,3.5901265,25.314865,0.47669625,0.7576275,-4.2055216,-24.067833,0.8162958,1.9688796,0.23556179
-212.5507,189.7727,-44.933617,37.382072,-15.485438,8.029596,-4.1168995,-11.446901,16.05457,-25.399261,-21.823128,2.3370473,1.9539146
-235.22227,176.88583,-46.84436,52.36352,2.5146809,30.442295,1.8183607,-8.15468,18.552837,-20.427982,-5.7019796,3.522021,-5.6736317
-238.01003,192.14703,-50.695137,55.186066,11.930744,36.728683,4.7714157,-11.024838,20.148258,-19.010452,-7.2418766,0.88371193,-19.147583
-286.26517,209.19502,-22.992508,38.56851,14.2058325,10.304899,-3.619247,0.8385539,19.76696,-12.26819,-12.513334,-0.3769502,-9.706271
-287.2283,203.97702,-23.681973,35.099842,24.502747,23.60293,-4.824444,-4.021142,14.113092,-3.8432178,3.8836036,-0.03774798,-4.0546393
-290.5116,195.71265,-16.271942,48.435837,11.2712965,11.220936,-6.8091574,1.6436439,15.432854,-2.7683969,3.1835914,-1.3232248,-5.0476146
-291.82495,136.14545,-79.518524,55.53679,0.67116296,15.442942,-3.4929368,-11.154604,3.8833404,-13.443284,-2.044549,8.435299,-9.210141
-222.49164,193.24312,-47.069458,40.262085,6.0545635,30.278345,2.8136744,-7.5520096,14.045145,-18.367981,-8.336196,9.687586,-10.404995
-234.48323,196.89777,-63.317024,45.705925,12.924306,33.524574,-0.38330996,-16.249275,4.589386,-24.642944,1.6381207,6.099409,-5.6388626
-254.81126,181.47787,-32.99826,40.01657,-5.2798076,26.259176,3.9813392,1.3413755,14.049922,-15.047842,-3.3328485,5.2125154,-5.177018
-251.97774,217.92436,-45.122368,30.207722,20.80255,19.476336,-6.501226,-1.1816227,-1.3372504,-27.44522,-8.287201,13.298105,-2.858389
-297.4378,171.44466,-18.171268,47.747795,20.409914,14.348144,-3.7386131,2.348633,16.469286,-9.638866,-9.817355,-1.6779997,-12.759884
-293.85703,222.40082,-28.305122,20.607128,24.224745,16.028194,-10.408012,9.17878,21.626282,-7.9635577,-19.845953,-5.5564957,-9.578018
-240.18802,165.20206,-40.68096,53.207405,11.300985,26.760735,0.8635186,3.2991927,14.133979,-12.206446,0.30164045,-0.8483551,-9.427765
-283.44562,163.91862,-53.229927,49.533447,4.53581,25.492134,3.0453143,-0.088220835,6.9987855,-13.013565,0.21115792,6.985396,-9.325105
-424.38785,110.78731,-72.205,24.70971,-8.842442,14.084591,6.3214335,6.343854,-18.10889,-7.795342,-2.2360291,13.671907,1.1762476
-199.31557,165.4855,-32.846344,35.253235,-1.7255324,24.281357,-6.078896,-17.66036,10.053726,-15.909381,-3.7948983,-0.22324264,-8.210285
-267.06732,141.25739,-11.033824,62.725983,16.97105,36.79968,14.805607,-7.8965893,24.143974,-4.2930455,-1.2074385,-5.604245,-10.301
-240.00534,154.78772,-33.493248,51.19979,9.867835,30.483519,12.779951,5.0464067,13.634498,-9.975015,-8.935484,-2.1426816,-3.9112701
-249.40036,173.61769,-42.802795,47.47836,14.946394,38.904343,-10.442375,-12.837092,9.654188,-9.209077,-0.038559914,-2.6683726,-12.689527
-246.9636,179.11952,-25.067814,43.70225,7.3970337,20.749165,-3.3469493,-0.7254361,16.363232,-15.571646,-1.2016143,-4.3561964,-13.3998165
-221.47461,137.35129,-51.29976,69.78322,17.01989,46.948997,-3.003394,-8.088251,16.576674,-11.372841,-0.94583935,0.15686473,-10.469173
-258.68152,166.05246,-43.772453,42.754414,30.888653,30.208113,-9.314463,-8.255824,1.0973897,-26.326523,4.537573,3.7704816,-13.850422
-253.52112,131.5484,-50.347572,66.8548,-5.552952,35.535145,0.64924496,-1.0633845,10.59305,-8.41474,0.77795255,2.2345796,-2.5525231
-297.87192,184.03464,-31.437943,35.43153,-1.0536742,22.776192,-1.9526582,-0.04230401,19.842049,-9.601449,1.3554578,1.2259017,-4.122987
-251.40309,192.54282,-43.692772,55.066086,6.693288,35.394196,-3.6502635,-4.3821144,12.312069,-7.6899233,-2.8899539,6.5058026,-12.290834
-276.11768,197.9223,-36.417812,34.975098,14.806433,21.788166,4.6798544,2.3741899,7.941873,-11.132518,-4.2422485,6.285331,-3.400908
-382.30496,119.17123,17.763996,54.755592,17.830898,32.990356,3.0453446,6.949769,7.9936094,7.0227075,2.7511296,-5.11705,-5.5438337
-232.22208,168.39871,-16.532774,65.802765,10.421968,32.825184,5.319338,-1.6072909,13.03321,-5.0476627,1.0799294,-1.3107059,-13.534496
-241.30075,164.2596,-22.390299,62.387894,12.794192,34.96344,4.8091717,-1.5730575,14.551435,-4.6365366,3.5272903,1.806479,-10.474651
-251.16394,167.53038,-11.89511,44.701588,16.961622,38.0495,8.585693,-2.4741344,9.663559,-6.488956,-2.113702,0.24098472,0.45417964
-271.1225,169.32149,6.066265,51.397545,9.28927,32.137142,17.124697,4.877324,6.5426893,-4.8808413,2.8556738,3.1983685,-6.188588
-274.5566,163.4308,2.1986077,51.445625,-0.26037973,26.370068,8.12652,3.6485395,17.442986,-0.97058046,2.4585164,-0.09901829,-5.771812
-287.3413,147.9268,-6.01904,65.65029,-1.9569608,30.041464,8.759018,1.5352057,10.138626,0.78891706,2.0715675,3.6395905,-8.117086
-265.73404,144.56429,-12.749523,73.25415,24.406652,47.48782,-3.573141,-20.557997,16.293167,-2.4957123,-0.09916425,1.6738532,-15.347721
-259.40884,123.610115,-24.060616,55.822006,16.098413,26.529282,1.5832748,-10.389367,11.933751,-5.4186697,6.7075434,-2.1396074,-10.513481
-250.11351,158.19626,-16.038235,69.89485,5.4664354,37.78147,3.9657068,-4.7318296,16.66594,-6.1727486,-2.2407675,0.9569574,-6.502268
-268.90634,163.4848,7.3334756,60.246338,19.694372,35.46856,8.48741,-0.29525316,13.120013,-7.0752144,3.6176438,4.3860292,-5.9506273
-148.24579,147.73438,-22.843845,72.760315,-26.467815,33.56277,-4.7318745,4.9401083,0.9692461,-4.377178,-1.4060082,-2.1065562,-13.554597
-239.64761,148.13708,-16.251442,64.494026,7.9510603,33.948742,10.613096,1.0876421,9.517469,-2.11643,0.8825972,3.1206634,-5.2322025
-229.62407,131.3352,-41.25385,63.224304,22.589375,41.64013,2.8540297,-11.311058,14.945971,-5.691208,5.4109488,1.343153,-9.170407
-214.57367,146.2698,-21.286892,64.68858,6.7973933,28.723679,-3.2222495,5.564934,12.234978,-5.126007,-1.6903098,1.8421712,-11.343712
-256.053,131.73831,-0.52941036,66.752365,16.979914,29.829376,8.2069645,-4.165207,20.20441,5.559681,-1.3808842,-6.6910768,-6.3630123
-231.87344,156.2178,-21.021355,64.894554,14.287859,48.508324,4.6022015,-10.598588,14.353115,-5.5272527,4.526966,0.7090624,-7.846079
-238.8555,151.25958,-31.622765,52.555298,4.1533203,32.241486,8.087599,-9.363846,4.059299,-12.822555,8.849688,4.330482,-8.398629
-253.46078,151.41357,-27.872396,49.92422,7.6757164,22.996597,3.9214442,-0.9493193,5.291808,-14.79369,-0.5197313,5.605662,-4.244467
-291.48972,198.26167,-1.4727969,42.51931,21.660622,22.483746,15.634449,-0.120720506,1.2610391,-10.640785,4.326009,5.2198887,-8.044638
-190.23514,165.87834,-33.77508,65.47526,0.47447902,24.17811,7.377988,0.6684843,10.199605,-12.068803,6.180346,0.39787757,-1.7642078
-208.14209,163.76535,-33.70011,48.156162,-5.361827,15.724581,5.1336904,-12.425465,12.912371,-11.576399,4.880418,8.524748,-1.4563736
-173.76057,159.14125,-49.38867,74.60495,2.8835104,31.58413,1.6788796,-7.8480053,4.695618,-11.136818,1.2739131,-8.583689,-15.267184
-236.84972,171.16574,-6.3572674,38.37465,12.677792,34.12994,-0.77191305,-14.2693615,7.136746,-14.078161,-3.6526885,-8.850641,-8.226254
-176.92525,182.33391,-31.711494,38.928352,-12.277532,17.849306,2.6181486,-2.007146,12.514086,-9.158479,-2.486829,-0.8374617,-9.927399
-227.80182,188.07458,-7.076392,35.027637,2.5921261,25.506937,3.469837,-2.2576327,12.184822,-9.400025,-2.3834414,-5.695289,-7.9431276
-229.07553,131.82523,-25.186764,78.38059,15.312696,36.8891,9.026793,1.3302553,6.004201,-2.3909707,1.8869133,-0.5980723,-7.18886
-255.03041,173.28564,-11.46586,29.259544,18.352646,32.28695,1.6926796,-7.0661674,7.2177944,-8.270462,4.2490983,3.552719,-9.697698
-285.451,166.64685,-23.900984,55.393517,19.585194,25.592611,-1.05196,-0.00404191,13.1819935,-0.7337985,-3.7661104,-10.524571,-14.0864105
-213.60493,145.39542,-37.03405,64.84435,4.486762,36.75507,-6.4336586,-0.9640709,7.124552,-14.611715,0.82907003,-8.132787,-10.526399
-199.85632,184.60895,-30.313026,56.320557,-14.7158985,14.914714,-4.0859075,4.561103,-2.540822,-14.908213,4.7146835,-5.066038,-17.90892
-291.22372,122.43746,-17.1025,52.216194,-1.1991132,20.37311,-1.0962951,6.0967503,-1.0638403,-6.9343333,-4.4760685,-7.6370416,-11.965397
-189.64343,166.03723,-26.250017,51.113873,0.7813029,25.087173,-2.893291,-1.9185233,3.8942018,-9.451122,0.6509615,-8.117308,-17.8708
-314.1354,74.33042,-6.114348,45.83636,0.34028652,14.613722,3.4029179,9.21448,5.4507093,1.6486531,2.160698,-1.6654972,-11.159436
-184.82063,100.40471,-37.594913,54.471455,-10.349623,28.513168,3.556495,-0.5783099,-0.6732532,-10.392301,-2.2777812,-4.2195177,-21.879547
-181.82948,190.75368,-32.49181,42.28261,5.0006437,27.255795,-5.979331,-5.869945,1.2742515,-19.173521,2.9918983,-4.387291,-22.153757
-201.95854,151.6264,-37.142834,52.679356,22.482151,42.301414,3.3848624,-7.1952057,8.631544,-15.397274,6.3960724,-4.651767,-17.985325
-250.1954,170.57971,-14.953592,42.83625,17.344402,24.400768,7.230706,5.750127,3.7096214,-5.0452423,9.551392,-6.2368193,-12.184998
-174.98573,178.1951,-44.44937,49.561676,-6.9383025,28.017338,-7.201206,-8.444524,-0.7136788,-19.089716,1.4030696,-5.441982,-15.962451
-320.8739,77.28333,-58.40463,66.260735,13.565605,25.265333,-7.5902586,-11.089037,-1.7718978,-6.052018,4.321498,-8.791346,-12.583744
-179.13487,177.72897,-46.92177,49.002342,-12.864377,31.496511,-4.269239,-6.512027,-1.2214534,-17.447735,-6.815999,-3.8846407,-9.28475
-140.70387,152.92911,-26.77909,59.969612,-40.43227,32.70974,-10.985228,-3.174086,1.0891213,0.412261,-6.4933767,1.2912215,-10.570226
-161.51506,182.49326,-44.733498,46.06034,-21.149683,29.248526,-5.6924124,-1.6069481,3.4239092,-9.449278,-3.8949554,5.2688665,-15.479403
-178.65523,159.79962,-26.76316,62.8054,-37.715843,32.96587,-6.9124484,3.929164,-2.9171152,-4.8288956,2.1858194,1.2599806,-20.92271
-255.10959,157.27145,-29.093391,55.080223,-15.1628065,23.892673,-1.8761183,4.0878396,4.209799,-6.9991674,7.4437504,1.1203563,-7.872843
-170.14528,156.33984,-35.598816,54.72973,-17.703884,32.985847,-6.0921526,-0.5999426,-0.42214224,-14.046639,0.5881844,-0.78876823,-18.691055
-196.19705,190.40944,-22.870073,43.7975,-4.471903,32.839638,-5.271864,-13.19566,-0.40670455,-11.812805,-2.7630973,3.0937815,-9.378654
-244.03189,191.17017,-8.003085,42.782864,4.232784,25.779543,1.7054112,-3.3062003,17.61682,-5.8456736,-0.08932239,1.1775241,-15.228329
-269.58334,203.27333,-22.430958,40.93939,2.0969138,22.143738,-7.8737054,8.557704,1.714461,-12.317649,-3.2047515,0.8078135,-21.64777
-258.30954,171.59189,-15.894173,31.996891,8.458403,29.785265,3.2227278,4.0132556,3.908791,-14.740882,4.476339,-0.3810004,-12.24185
-252.0468,173.55133,-15.058557,36.79898,1.306051,26.987461,-6.648193,0.6801152,0.31993836,-10.793706,8.567647,-1.5315431,-13.436499
-331.14383,130.88486,-12.795366,34.371727,-5.628173,2.7858005,-5.8192034,-0.7720954,7.359724,-2.6959164,6.80396,-1.4966993,-16.075922
-198.64775,172.98572,-29.19883,42.185867,15.261195,34.30723,1.8153548,-3.2517958,4.3281846,-22.247644,0.5825795,-3.7252579,-26.140705
-190.39096,121.83342,-41.547462,90.70028,-22.059252,37.327484,-12.509735,-1.6042695,9.417376,-9.647665,2.3164759,-0.9910124,-19.771666
-221.16318,91.078705,-27.516083,78.37279,2.199049,47.92414,-14.694423,8.348815,2.2208884,-9.925097,-2.4643028,0.8814087,-16.505156
-211.72258,161.52602,-24.750196,69.906685,10.4500265,37.423294,-9.598249,4.0373564,8.272118,-5.8671885,4.066333,-9.46361,-22.859524
-457.48764,81.07915,7.711591,28.137604,6.831028,8.572313,2.4543862,7.547539,9.848464,2.4240324,-3.7549314,-7.7233686,-10.11787
-165.01451,153.7584,-47.236916,52.96113,5.501086,38.289566,-14.125686,-11.536354,-1.6964937,-20.35049,-1.4832001,-5.124732,-27.343235
-210.62032,183.34367,-50.79576,44.055344,-21.121815,21.875853,-1.9649884,5.7792864,-6.2718735,-11.337549,10.287921,-0.33963478,-10.16014
-297.7996,108.61229,-10.915742,41.180367,3.1168413,26.850578,1.3275399,5.474988,0.93910027,-0.664772,3.194059,0.20798898,-9.044966
-195.08546,192.10739,-31.24912,49.919434,-25.25919,32.090607,-10.541945,9.587555,-1.5079494,-6.405404,1.2784755,4.4438047,-11.727309
-215.40605,158.039,-26.681524,45.159504,-11.649237,34.45836,5.2459207,3.3282812,0.015360773,-11.847746,3.9956002,-5.4184427,-14.415415
-263.31332,78.00749,-58.11078,64.44714,-15.195347,28.378836,-13.5353365,-7.985098,3.0835195,-9.37671,8.043551,-0.8980233,-9.550307
-318.1253,65.24743,-53.93335,78.72691,1.8370104,55.402058,-25.071861,-27.14191,8.79433,-10.39629,-7.7117834,-18.203335,-17.918243
-173.83672,132.40642,-72.78157,83.68878,16.326012,50.69898,-29.933079,-14.758907,10.28698,-12.753012,-4.124614,-23.110176,-18.263367
-204.67215,136.29367,-36.723274,57.899544,6.916295,34.673367,-11.687429,-2.6294825,7.691155,-5.8752193,-3.3290877,-9.409817,-20.724878
-228.13663,178.84912,-33.02256,52.022987,0.90956163,32.761745,-5.195957,-3.0603275,3.3700778,-11.094276,4.24053,-5.082287,-17.393932
-285.11792,158.45514,-26.736023,43.151577,9.960336,36.739655,-0.7118508,-10.790403,-5.8306966,-8.886908,6.1568613,-3.2127674,-12.290187
-191.5384,87.98819,-48.32477,42.60191,-27.540215,26.283287,-9.653299,-5.122217,-1.0760527,-2.5007935,1.8436265,3.0769856,-13.028759
-222.38036,176.75616,-42.85193,52.34861,-13.956282,32.150314,-10.630529,4.984627,-3.2555573,-8.827464,6.2691274,1.8641646,-10.336357
-236.01074,117.886475,-31.478275,68.496994,3.3239696,29.866526,-6.412014,-12.086765,6.9367723,-7.9296484,-3.7409554,-5.434825,-13.017374
-271.0517,119.578636,-40.754814,56.949387,0.7180393,49.336105,-7.9998083,-0.45779875,12.551465,-2.4545274,0.91811854,-6.4849157,-11.8409195
-187.8949,134.85403,-46.929516,81.01993,0.32088172,44.668312,-3.0151896,-4.867255,-1.2357237,-2.749597,-2.0704637,-5.0216484,-19.798359
-190.56616,147.0589,-37.8944,71.22661,-13.678629,44.872147,-11.666372,0.34041005,4.4104276,-8.038654,5.7606993,0.15735945,-22.839472
-185.11508,200.13882,-35.469948,39.26557,-19.331238,17.119904,1.8641164,1.7672553,1.202745,-10.60384,-5.857621,3.2250426,-4.2406597
-317.5239,98.16783,-52.23031,51.07335,-11.581137,25.539253,-5.4588575,-11.704528,3.617882,-9.935333,12.255374,-1.6073829,-9.324249
-213.02036,141.3147,-42.212975,78.6056,8.663982,38.672092,-20.31376,-15.9587145,2.1762593,-9.50543,-6.8806562,-7.256862,-12.745401
-294.15384,121.95045,-22.502142,91.68234,28.84334,59.269653,-7.8693886,-10.919869,14.788801,-12.95356,-0.3301862,-11.164759,-13.245163
-345.08035,100.27721,-12.2258415,85.58336,40.611237,66.209305,-8.483013,-13.140329,10.173779,-9.286738,8.010683,-7.4074945,-24.953821
-238.3049,146.9716,-27.568108,61.918655,-1.6212815,36.002686,-7.6239376,-6.493291,3.7955818,-7.8955507,3.1382563,-5.7722588,-12.6593895
-428.1924,94.20811,23.837938,54.133865,11.940293,9.553278,3.8573244,0.7102735,8.023924,6.922187,7.6664166,-2.0787897,-3.3025818
-175.19661,158.165,-43.90774,47.632973,5.976457,30.643707,-9.204345,-10.32012,4.948534,-5.675732,4.3576574,-3.0224466,-18.164825
-215.66916,184.18463,-30.32381,55.146008,-18.223251,31.527302,-1.0568478,-3.5433877,2.1697152,-12.29525,7.5512195,-1.1424794,-13.004626
-227.39186,149.05591,-29.334396,67.87797,-15.922403,31.3008,-6.6857457,-4.8154316,-1.6911913,-7.307608,0.8313294,-3.0716772,-16.22076
-242.50264,175.61652,-23.821718,58.63581,-11.023909,28.188492,-2.2453334,-5.588548,7.295931,-11.40776,0.19323105,-10.582653,-17.755104
-264.19272,144.10464,-42.79836,37.208183,-10.504183,22.068928,-1.426764,-3.4707177,3.6472554,-5.234307,4.6462755,2.7245321,-2.7253094
-189.18575,163.01547,-36.205612,53.55156,0.2587828,35.487225,-1.7052057,0.76666987,7.1310205,-8.361828,5.1851377,1.1952257,-21.160732
-213.49335,186.04773,-27.407007,46.67037,-22.382263,19.983883,-2.1632643,1.1986862,6.371172,-10.37248,0.85309625,-3.7391071,-11.977709
-255.61179,104.065506,-48.566025,66.14465,13.319197,26.77378,-3.0458918,-3.0895915,11.220957,-10.331785,4.8092995,-3.130125,-8.988888
-229.87068,161.87703,-17.359951,50.00383,-4.789644,18.22607,-5.0015717,-1.1187563,7.0946536,-2.753301,2.5703392,-2.4594688,-23.490269
-237.25357,176.29109,-10.523767,39.434956,2.206149,25.300201,7.904821,0.124959596,-2.3005333,-14.772942,8.780091,-4.468209,-16.15004
-264.74484,175.41393,-20.393547,40.325275,3.2731304,25.69966,1.953183,-3.548057,3.8242319,-9.806419,7.607729,-0.6095793,-9.746351
-222.73906,153.81354,-33.333122,66.85385,27.238102,61.317753,-15.253294,-8.538352,24.56147,-23.15091,4.770035,-1.5701964,-24.81641
-199.32483,188.3317,-31.881208,50.96734,-4.515092,36.075523,-1.1865191,-2.551617,-2.2223473,-15.618795,2.1493468,-0.044313073,-11.700563
-202.5431,185.0217,-25.803276,46.626007,0.20554125,36.82263,-0.89534926,0.4351321,-0.40853953,-21.504902,0.22677791,-2.7502353,-16.456402
-174.88022,196.40424,-50.272636,45.369095,-5.290389,29.063309,-9.854666,-3.7283518,12.416319,-12.265887,-0.68918157,4.980701,-10.094792
-223.98483,154.09842,-36.770138,50.92811,0.3384725,29.20882,0.05208218,5.3863444,8.080602,-9.633717,-2.9778643,-2.128157,-7.028633
-200.32138,170.34949,-29.638895,58.480415,-23.619478,28.378027,-12.06497,7.500393,5.283716,-11.3232,-3.1683102,-0.11993188,-13.51455
-235.11542,171.52155,-65.54433,47.102646,2.2598457,16.441502,-2.056387,-5.1162167,18.648054,-15.065493,-2.6627088,5.136594,-6.7477055
-268.1425,184.83463,-47.262062,35.944344,23.73125,27.702961,-2.081913,-2.7757635,14.673449,-6.9002705,-2.69279,3.8815427,-12.503618
-251.60083,195.16049,-64.754944,27.451984,24.625519,25.14032,-6.6907187,-1.0201926,3.426218,-13.488667,-9.976234,3.3033495,-3.2043796
-262.40378,200.53671,-41.05077,41.864006,23.443426,34.27561,-3.8326683,0.8405467,11.735309,-5.2130423,-7.182499,-0.6711158,-8.504605
-272.17496,212.43884,-45.02615,39.38035,14.6774645,29.842154,-10.034943,0.36687046,4.855613,-17.261084,1.0029641,3.3954663,-5.483333
-256.5057,213.85881,-44.348953,23.55681,11.246534,14.462128,0.14497489,-2.3171191,9.443094,-8.714565,0.5299212,-0.10163736,-2.3186078
-273.35724,203.04587,-41.596016,33.44857,25.406189,22.165241,-4.9959326,-1.0394943,11.337217,-8.062824,2.4413507,0.7051314,-4.637112
-279.35513,202.05963,-30.030952,28.741894,20.002546,25.885792,-5.5369983,-3.6372633,9.79422,-8.310389,-3.0180311,-3.4995928,-2.0643582
-254.68369,175.65883,-51.119377,25.53964,-0.4186659,11.778994,1.8101947,-7.4505987,18.364744,-13.887329,1.7721255,7.6845207,0.79048336
-264.58282,159.19646,-61.087154,63.27848,-0.42548478,39.23593,2.7355876,1.2623732,15.325678,-16.517979,-5.781389,-0.0015034145,-7.0243964
-275.91003,160.83168,-44.11633,47.698013,26.026966,39.083183,0.7476777,-0.496808,12.944495,-5.8676453,1.539399,-5.4990416,-10.659927
-280.70093,141.69574,-9.052944,49.258667,36.13878,30.51527,9.692848,1.6696267,8.0660715,-2.0011604,1.8640631,3.0020244,-3.185835
-324.1766,175.33542,-28.893728,43.948967,42.52623,39.83526,-4.2672043,-5.116533,12.187258,-3.9972305,-3.2687669,0.20317139,-16.43913
-310.3416,166.07169,-35.655457,34.8583,7.083334,35.45321,0.03137344,5.083684,8.534162,1.1191202,-1.8267486,3.4336724,-6.0969925
-264.52557,219.92068,-49.479286,14.294904,12.848808,11.504702,-3.7556648,-2.2947521,5.836711,-9.308956,-1.9883854,8.097948,0.62575185
-308.0658,215.59593,-36.22604,18.865963,28.53497,8.84503,-7.273637,19.660583,10.667987,-19.611767,-10.767178,11.084079,6.332165
-243.74234,192.42508,-36.611664,42.307083,31.270645,18.106737,5.9479704,8.141907,12.380835,-5.9168425,0.21608213,-0.038811013,-9.113154
-264.85184,142.46158,-67.87902,30.414528,-3.1853967,8.686705,12.988073,0.33644754,5.5060263,-15.181257,-1.8857827,11.61471,-3.899051
-238.07285,195.20453,-58.34531,30.93214,32.160576,15.372269,4.9919233,-3.7173748,1.4154291,-20.823137,-8.319672,3.5260968,-7.4036674
-271.29437,198.18282,-51.206467,21.579939,25.841366,21.826218,3.2104363,0.30193007,4.326679,-5.892221,3.7840931,0.187657,-10.507118
-250.24057,180.34961,-51.614048,38.689144,20.819675,30.242723,-4.835578,-3.0540957,20.135708,-11.482792,1.5382948,1.4366716,-2.7622824
-317.45917,170.77917,-22.055752,25.643349,24.6967,26.179497,1.7428614,-2.6632586,10.938663,-4.132777,-7.372348,-7.722919,-5.52769
-275.5179,174.28201,-34.598618,51.886047,7.8335934,13.067394,5.712389,5.907514,11.936684,-9.919815,-10.719723,2.1093645,-2.1366134
-265.82352,181.45314,-35.897434,41.391,24.514032,31.74509,7.500824,-3.3465676,7.011162,-5.0323067,-2.7370644,-1.5115237,-12.868332
-288.78195,194.66335,-31.900085,35.882236,18.281956,19.73104,0.32139683,2.8396778,5.7703876,-9.370388,-3.9983563,-2.0122085,-5.998267
-247.46558,219.29367,-57.930405,22.205893,1.8350052,10.70519,-3.3460803,5.164669,11.1706295,-26.613144,-4.05128,8.147467,-1.5705817
-234.05998,212.4496,-34.871933,32.831398,5.9310803,25.972157,2.668161,2.5849228,16.744293,-9.617752,4.8478975,1.7480304,-5.620888
-229.46506,192.84164,-47.803116,47.435555,11.53701,26.596363,-7.9225373,-4.1965923,20.370491,-12.2249775,0.5895473,0.8688379,-2.6107225
-400.82657,120.7726,-19.42086,19.590954,9.737318,18.486485,1.9281956,4.8126173,8.400356,0.77307916,2.8574646,6.4837456,-0.33487606
-238.19023,182.99005,-52.43543,51.612885,8.635841,32.101204,0.8537372,-2.4774942,16.443764,-17.979374,2.0115898,2.9162736,-10.327803
-268.1658,188.82532,-53.157524,18.43924,23.63256,27.588234,-0.07611491,-2.6512928,11.807608,-11.69656,4.432679,3.4258895,-5.2051153
-233.72136,170.5329,-47.689327,41.973434,23.043139,37.998325,-8.891507,-10.337734,14.539024,-16.100868,-5.4878254,0.46889907,-11.263632
-285.03665,203.15381,-19.172747,30.396618,30.829021,26.844639,-1.8056393,3.6259208,20.26788,-5.6276474,-5.004827,-1.4039688,-7.4370546
-240.83508,211.08682,-36.89611,23.243439,9.158759,16.754742,-0.42816964,-2.8337538,15.491546,-12.42856,-0.97307813,3.787342,-6.892955
-288.96704,206.88245,-2.8683133,29.736397,38.829372,-5.220413,-3.9252272,17.638123,12.629896,-0.91284186,4.167099,-5.633811,-8.29061
-253.27036,179.67365,-16.337738,44.566788,20.373756,10.340073,-7.40948,-1.0372901,13.801603,-9.446385,-6.495229,2.6819477,-4.8653965
-252.1047,216.43008,-36.180206,18.216717,9.716067,12.9650955,-10.293943,4.934044,14.949609,-9.294316,0.35274768,5.385347,0.82175857
-235.17862,175.19427,-58.33378,21.262434,14.655331,13.945776,-11.309313,-9.796552,12.058784,-19.757011,-2.4759336,8.361269,-8.769369
-287.3519,176.02551,-31.918415,42.664135,3.4760656,27.62701,-6.287071,-3.5285215,14.516928,-7.759105,2.9414363,5.0338955,-0.6300488
-236.05432,182.2184,-57.114296,43.12848,9.221231,31.581478,6.599139,-4.417574,7.5185575,-14.377788,4.10321,8.673121,-6.356345
-170.08647,202.14183,-56.47905,48.36077,-12.234205,16.94772,-1.9955571,2.5974212,7.5145764,-20.82653,-1.5974017,6.303588,-1.8888996
-167.64923,144.81154,-55.361153,66.67085,11.016481,27.742712,-9.080193,-13.274101,3.1122167,-10.440086,3.0698133,5.090929,-13.669243
-74.95815,136.73016,-72.96413,79.02344,-5.0318217,44.326363,-24.802063,-7.2274046,-2.6903472,-13.570779,-0.013087638,1.1083826,-16.01155
-95.82628,150.47118,-59.563717,62.231247,-13.620603,35.04682,-9.468519,-5.9503293,-0.37277198,-8.756209,-5.6195354,-4.5445175,-18.278706
-140.56654,187.35281,-39.867798,34.704094,-48.554047,14.648165,-3.855158,-4.0434017,0.7558129,-10.507588,-8.249273,4.5563765,-10.499435
-207.96138,184.6777,-38.08043,40.681305,-12.265791,21.057758,-4.8765645,-1.4067152,3.7794619,-15.47576,-1.770775,-1.2490994,-13.370843
-411.22855,109.95232,0.43697006,28.596779,23.553707,20.983414,0.6363749,-10.066849,-6.87697,-6.246789,7.111022,-1.9018888,-6.458667
-169.98633,165.35422,-36.373436,20.622314,-32.589447,17.630596,-6.342255,-11.822407,-2.008608,-15.573414,-1.2808448,-4.0048704,-10.491464
-170.90503,113.281586,-53.595985,41.216415,-19.97873,21.63855,-12.958242,-12.9742985,-7.6206713,-18.196531,-4.6068563,-2.324023,-13.664218
-148.35428,176.50159,-45.389977,40.35479,-35.834312,26.985104,-7.9292574,-6.9164305,-1.2649959,-19.355541,-7.8884473,-3.109099,-15.797087
-150.38452,169.34454,-49.48982,49.3982,-13.702403,36.006195,-1.3857775,-11.627283,-2.6322336,-17.317097,3.3601208,-1.8600756,-21.523733
-264.19858,164.628,-32.347435,37.0012,7.7092056,13.148227,0.29168627,-6.231744,-5.880125,-9.71895,-1.720616,-7.1409883,-9.372513
-121.06729,173.80179,-48.951553,48.202015,-18.683521,28.916565,-8.7357645,-4.9481,-6.434182,-16.809998,-0.011366129,-1.9908187,-17.739458
-112.40445,150.11945,-65.64064,57.223656,-4.602089,33.410336,-14.502291,-11.635227,-4.7863073,-21.093777,-3.8587494,-4.5292597,-19.301573
-122.004616,168.37239,-52.908134,42.35259,-41.355247,5.0360737,-25.782213,0.4270461,5.779273,-3.0993733,-0.90521836,-2.2642071,-11.009468
-173.65765,148.43811,-40.25454,52.26812,5.2221375,38.97957,-10.094643,-1.9714496,0.6579059,-14.039478,-1.2093859,0.021995932,-16.535591
-160.28142,182.60797,-43.94053,38.772797,-2.1758463,31.948719,-5.1309433,-8.27889,1.4025953,-21.811302,0.42366755,-2.3595448,-20.312233
-175.44489,166.0676,-49.491756,55.904594,-17.341902,31.653244,-12.896069,-8.814484,-2.9588406,-11.373888,3.850289,0.9752654,-12.6308975
-185.49683,181.53992,-46.630234,53.72759,-15.357895,28.758148,-5.0608387,-0.022216797,-0.12215543,-10.9248705,-3.722374,-0.7383349,-18.464443
-236.82106,185.07336,-29.91562,39.207718,26.86782,35.39834,-2.6229086,-2.0212288,11.513477,-22.026068,-6.5039196,-4.7539616,-8.683624
-213.68619,214.30945,-41.436802,17.786537,0.52732563,2.2417965,-5.5827374,5.869563,19.146492,-21.160831,-5.0746217,2.6445665,6.0026712
-164.02512,178.49591,-37.969887,37.909096,8.106254,34.45195,-0.46886665,-6.119206,-2.7423148,-16.487223,-2.3811216,-9.586275,-22.434586
-179.23628,169.68549,-42.26148,58.10977,2.8968506,27.821533,-7.711461,1.3162787,4.9687486,-12.051429,3.792838,-4.1606827,-20.28527
-155.56648,180.75412,-39.272285,39.929665,-33.342777,15.998875,-5.859767,9.386677,0.29189578,-9.862722,4.004121,5.296593,-7.168172
-135.25734,177.30817,-64.25733,53.743282,6.507883,29.777813,-9.62709,-16.124687,9.080065,-23.690964,-8.649759,-3.7833965,-15.635859
-170.63516,213.65744,-54.427612,31.106453,-7.1792517,1.5402952,-5.644438,-3.924891,16.58554,-22.671013,-3.0115268,9.667467,-6.2717257
-210.49995,181.34528,-32.07664,50.854164,6.0035744,24.173603,8.932557,4.9628525,14.346845,-19.068163,4.62942,15.217959,-2.19462
-245.36258,176.69075,-36.327988,45.67426,14.077881,24.527916,-0.8497749,-5.5012856,15.058369,-12.576488,-1.2239267,10.468769,0.43323067
-209.3915,200.11504,-61.186012,29.941927,17.225142,40.033516,-2.573692,-13.134769,14.568137,-18.000408,-3.54077,6.464322,-6.5701475
-254.97112,219.24606,-52.730606,6.3483458,8.708786,8.986925,-8.844906,1.9642532,17.827377,-13.194918,-8.219124,13.90636,11.48588
-361.92065,195.29854,32.647476,29.5317,3.9642248,3.4013977,-3.8161235,14.769537,17.000069,7.87868,9.423634,11.998368,3.5429888
-240.82565,188.9982,-35.834038,34.219498,18.035614,27.15431,4.652422,5.67616,16.50227,-8.999691,6.4773483,4.6354628,-9.776637
-254.24614,188.39539,-47.91047,37.640747,15.145955,28.279446,0.45091617,-7.0606747,11.822495,-22.842628,2.1075244,6.5670767,-9.423405
-228.61008,186.74573,-54.441532,37.264465,4.47223,19.64579,-2.3421245,-3.4256275,7.897155,-13.838827,0.49125314,3.499279,-4.319161
-243.69173,200.1212,-65.3331,33.810772,33.948837,22.69379,-4.4705477,-12.946237,7.7130923,-9.712439,2.8838723,3.3814514,-5.335371
-262.56357,241.76321,-49.731613,-2.0335264,18.5194,6.6842194,-11.146704,11.296684,14.058395,-19.13015,-0.3571331,15.601383,8.446526
-288.82742,189.75623,-30.205088,38.94918,10.688247,18.448559,-9.785698,2.6921992,17.579115,1.994022,-9.515949,-2.04727,-10.16164
-284.6017,207.29114,-19.56074,27.45218,27.934858,29.83755,-3.84001,0.01641041,9.747896,-11.184591,-4.718397,2.524817,-6.581758
-265.4996,191.66077,-37.016384,29.611454,-3.1188674,9.966949,-1.2983577,0.21304387,12.448277,-12.644759,-0.80938023,4.6923556,3.3149397
-308.9922,211.26141,-17.048012,19.746292,17.242636,4.318263,-7.64134,4.3189244,12.69518,-7.329448,-11.775352,-0.1493004,-6.244445
-276.07922,206.6081,-30.135735,24.069048,19.796944,15.013792,-6.296218,2.297464,16.869429,-11.988977,-16.68769,4.4409084,1.4609544
-259.98117,190.13539,-27.084877,60.122444,17.766018,11.511215,-0.34094697,-0.24373221,16.739693,-7.875152,0.7165397,1.0549895,-7.648993
-234.71188,175.6581,-44.714455,62.28794,14.190134,15.417292,4.5797486,-3.179107,15.952659,-10.060014,-6.8912644,-4.3754754,-7.3377085
-237.45879,179.22946,-54.216507,52.586784,31.691849,35.613174,8.432172,-7.800149,16.206879,-15.5486965,-4.6964836,0.16157067,-11.646992
-249.7209,204.11371,-40.450294,32.371525,4.8924646,11.791135,-6.5490217,-2.9522219,12.878902,-19.880384,-19.902573,7.083042,9.629901
-282.55914,208.15146,-17.92197,20.132248,22.63187,14.548655,-3.5067105,-3.0149264,15.481092,-9.710278,-6.385582,6.7693796,1.4171268
-256.48495,136.40672,-85.88829,31.09137,-9.804841,13.977995,3.1178215,-7.2563944,4.05872,-13.707064,7.482266,12.450628,2.4152193
-280.8932,178.17651,-29.561024,46.901928,0.861068,11.065531,-4.1642694,9.631508,17.332584,-10.73443,-1.5683954,5.4187965,-4.189566
-315.33755,154.78632,-33.717262,36.73556,17.578012,18.968716,5.587936,12.878837,11.743528,-10.631636,7.9778357,11.160944,1.3960817
-154.07184,167.90784,-37.63132,49.201782,-17.417595,10.019307,-22.773651,-4.366838,3.3227162,-9.924974,-1.2553221,-5.474897,-21.702467
-172.56485,179.7633,-35.318695,49.899357,-18.557945,28.22277,-2.3197994,4.4980927,5.84365,-13.17993,6.6759653,-2.1542234,-21.573013
-250.98648,150.16908,-20.102013,44.410645,1.98122,17.678646,-4.240172,0.806834,11.943737,-13.475832,0.85101473,2.4122381,-8.513067
-139.33295,189.45966,-51.592453,41.78057,-6.8318043,20.762714,-7.6227894,-5.0369825,8.404661,-22.11407,-10.5364685,-2.5008926,-16.586575
-141.45923,182.50024,-42.443428,47.247345,-17.13533,24.669567,-5.07312,3.8071785,-0.06728083,-11.651369,-4.9712143,1.037662,-16.615175
-215.44452,165.25299,-33.98571,52.878586,7.093589,32.81455,-0.06932056,2.6131854,4.5779753,-13.997942,5.089483,2.6731186,-15.638637
-216.4022,186.37888,-46.176544,39.288597,10.622475,30.73685,-17.921154,9.627792,17.047016,-5.2526484,2.7442913,-3.111844,-8.3534775
-167.14433,178.78925,-40.15253,31.048643,9.625478,14.358768,-11.413986,1.8888549,9.289516,-4.9049635,1.6336975,6.816601,-2.9435143
-200.84164,179.60057,-57.451576,26.663918,30.13923,35.020683,-12.498034,-9.1146345,13.436319,-19.133436,-1.670054,-1.9485385,-6.732641
-203.77396,191.12442,-50.984184,48.09568,-1.1677666,32.43051,-21.583641,2.7057245,7.687884,-11.642141,0.27642903,-3.2442565,-13.761135
-162.61293,149.43475,-60.70925,58.177742,12.539495,40.053864,-15.324062,-3.521511,-4.713041,-18.61958,5.611418,-5.281097,-26.641254
-180.73006,161.77646,-37.612427,53.874252,-3.183908,32.71884,-1.7497889,-7.9248505,2.911037,-15.627496,0.98125756,-3.1638837,-17.159153
-255.4363,169.47075,-27.463966,32.55149,-10.60245,11.201519,0.07232329,3.073342,7.786749,-5.90399,1.3240304,-3.803162,-7.246851
-167.59203,185.43155,-48.11715,44.603497,1.7749863,14.761309,4.875104,4.623389,0.73539567,-16.490707,6.906874,1.9489325,0.047655255
-323.29495,148.29611,14.598515,37.75521,14.5749855,17.009415,8.934216,8.9370365,4.168111,-7.9554367,1.7795798,-8.274233,-7.6068935
-239.49274,169.57617,-35.32218,40.474922,-0.14923684,26.657482,-0.18146876,2.862074,-17.334602,-18.907417,0.16717088,-5.5925,-13.799852
-286.79074,177.23563,-10.705536,39.264923,8.363037,16.023342,-4.5620003,9.201487,-7.9956455,-5.127344,0.9207174,-4.548489,-8.421542
-317.83218,158.5897,-33.388824,36.90647,-1.5346887,-1.1710433,-3.4104042,11.487834,-5.561055,5.0252576,-10.8034935,-15.720368,4.4880443
-259.62195,162.93176,-49.981953,71.09581,-9.347369,35.61376,-6.8891544,6.422961,-22.14571,-8.194666,-1.4643764,-0.67377675,-6.884824
-448.3351,77.29349,-43.621834,43.13751,12.787777,20.512379,-0.99077356,4.6608577,-5.302345,11.354794,-1.7296579,-6.4345474,3.5906115
-308.09875,210.01569,-31.44912,42.742973,20.643764,14.854851,4.9096785,20.351135,-23.149067,-21.807312,-7.4626307,-1.2300183,1.8572404
-401.37744,145.07266,8.830994,68.54353,10.580927,29.715607,9.393166,13.229036,-3.1175952,-1.0699444,-5.373578,1.3743297,-2.3127394
-401.61307,174.63274,-10.023689,27.73292,-12.4913845,7.5516877,4.1026716,21.429138,-1.1565781,0.36413324,-3.6122332,-3.103726,0.99115324
-399.77402,168.53603,13.164949,43.641815,13.237817,28.249435,-1.6899767,4.8098335,-6.5579357,7.2853675,-3.319321,-4.1767755,-5.186421
-241.01823,208.2178,-63.607616,35.683456,10.296091,11.095985,-6.4468613,3.4056983,-17.144054,-17.03289,3.3036575,-2.7957225,-1.435831
-381.02264,139.63872,-23.303291,38.147213,12.898937,33.324005,-6.497277,1.5903332,-14.423007,4.0192137,-1.7143967,-4.523933,-11.461791
-302.85992,139.50378,-40.262184,71.99129,13.825084,32.86789,-12.827961,4.268171,-10.273102,-2.2445612,-2.0188978,-4.575121,-11.21656
-245.49329,166.483,-41.068375,47.696533,-8.743332,36.457916,-7.7384787,1.7022098,-6.9067993,-8.944566,-4.0169473,-8.852317,-12.503966
-272.71066,203.64607,-33.45803,26.659512,13.758313,29.041107,-2.6573746,2.7575521,-10.916571,-9.168546,1.2897203,-8.222175,-12.585907
-295.32416,118.546844,-21.813427,62.441013,14.488588,28.750526,-4.34667,9.283676,-2.4313498,-4.6452236,-8.56189,-10.185122,-12.109379
-254.88817,205.46347,-23.315151,43.37169,4.755387,23.690601,3.0640688,12.695209,-12.709188,-15.060177,0.6739216,-9.617483,-7.882131
-214.64134,175.7084,-40.210815,33.87403,17.643457,32.90023,-2.0461082,-3.801189,12.758945,-14.843118,-5.150275,1.1554716,-4.037388
-224.34087,201.6156,-27.708328,34.138565,14.562361,21.651814,-5.917496,8.489243,16.467422,-4.449585,2.099633,2.2683635,-5.3299603
-263.05386,157.7994,-39.96261,57.080177,2.3525186,23.784962,3.646085,10.554996,-6.849843,-4.366971,-2.6647663,-3.2784595,-9.401184
-194.99419,173.52744,-54.370033,56.189274,-4.859375,29.49847,-9.589481,8.283065,-11.293049,-17.676498,-2.5346127,0.1407119,-10.743242
-232.91563,173.34164,-50.038345,60.55065,-1.5846242,37.146137,2.1277683,10.554333,-17.911472,-18.059214,3.130746,-4.9775553,-10.118322
-231.56496,142.50998,-37.39896,60.10714,1.8947098,31.763008,5.5892506,4.4747915,-12.173613,-7.2885857,4.4576597,-8.832214,-13.881784
-291.0954,170.8764,13.7092705,38.275642,12.589331,4.1000433,0.3195685,15.04055,4.6586595,1.688929,-0.2252828,-18.366749,-11.077278
-347.82446,211.93214,-4.8939466,40.05479,-3.7290215,18.387114,0.14957368,6.0296,-0.5608473,-0.4162736,-8.973316,-14.510214,-11.2337055
-311.90063,196.08069,-23.384508,49.995895,9.227985,25.998127,-6.00529,5.3570986,1.5027866,0.56404066,0.9557754,-11.916292,-14.95854
-301.4801,188.64326,-8.493121,51.461105,-7.0713134,19.131187,-4.2584753,12.039707,0.2540394,-1.9512259,-11.113937,-6.7696695,-6.4329176
-281.28745,171.83939,-8.636345,20.512144,3.7798362,11.094418,0.1444841,9.889158,7.0558047,-3.512928,-2.7423062,-1.8232263,-5.299091
-176.05713,204.75665,-56.386185,24.110481,-6.4468946,11.670246,-8.190033,-4.1146955,13.877989,-25.399261,-7.758426,12.977263,1.9153736
-233.84077,191.02995,-21.084131,39.517487,15.81882,19.62923,3.8202224,-2.509849,20.302547,-9.387611,-1.5579845,3.0228794,-8.800478
-224.70139,186.04837,-38.397415,45.03168,-1.4237611,16.888517,3.5331786,5.747354,12.987791,-7.099398,0.71072435,11.538725,-4.983766
-266.05014,148.39249,-33.912365,54.197865,7.79683,22.041418,3.4891682,-1.6070745,7.7966485,-4.9516797,3.1029885,4.256748,-7.7915955
-258.92908,198.6892,-39.112328,49.327972,12.580488,19.802801,1.505157,7.768219,8.139254,-19.455559,-7.0485325,8.006193,-5.032846
-288.48407,205.08081,-13.854128,36.835434,9.934093,12.440887,-4.106639,11.023091,14.952583,-10.525845,-3.5322223,6.982759,-1.0628669
-239.9915,143.1853,-52.23562,22.162907,-3.8119836,7.387154,5.755144,2.6513624,8.673582,-18.89452,-2.4277182,6.9844265,-0.77406126
-285.12384,137.43039,-49.112114,33.149918,2.1575832,17.053234,9.848237,5.567449,16.130417,-6.4118214,-0.33811212,-6.02451,-1.9718411
-240.73792,161.33609,-64.05638,60.312172,8.482044,19.223734,-1.7176203,-2.9345903,3.13806,-19.018333,-1.8914623,7.1246223,-0.043481708
-239.95343,164.11984,-57.53477,65.56169,18.310795,26.5192,3.4724276,-8.450029,5.7039437,-8.623627,5.513751,6.8245573,-7.4033566
-237.25793,167.37369,-47.309353,61.143738,19.267529,33.382164,-5.7738605,-4.1037846,13.585567,-8.371082,-2.1931298,-0.23544168,-13.16845
-280.83932,182.9115,-30.814388,46.662205,16.807568,17.398941,-4.8231764,-0.25416034,13.028815,-5.284634,-3.215418,0.017023802,-11.754059
-260.08633,190.94467,-37.60224,40.869995,31.4516,22.333506,-3.6807528,8.929296,16.281803,-14.71613,-11.369827,2.8408585,-4.878289
-261.94348,206.75986,-43.321754,29.385855,18.516216,18.496147,-6.794667,4.1400127,12.198175,-10.275093,-6.4496326,-0.8209137,-8.250067
-265.28598,158.2504,-32.00827,54.555107,9.964184,30.045246,5.0081654,-1.906669,12.929821,-5.8106213,2.9941607,1.8053305,-4.3283834
-275.6961,184.48839,-26.070152,32.76422,16.225988,24.326515,0.44693726,1.5662721,14.531505,-9.2708845,-7.353135,2.0575027,-3.9302082
-244.34697,193.97739,-32.30417,14.253664,1.9664106,30.04752,-5.2200727,5.167722,14.387002,-9.56913,1.1673322,7.237585,3.9398336
-290.76392,192.67697,-20.781414,27.428778,18.843903,20.480639,4.0610676,3.9618049,7.992288,-8.963473,-0.27888918,0.75171125,-4.1288385
-297.1518,161.07162,-14.298346,42.15108,-12.531643,30.827137,-3.3817966,7.750452,-2.6109037,-10.114368,6.286704,-0.032603502,-0.118107915
-299.52512,135.70438,-23.039318,35.738342,-4.737223,18.64775,5.3556876,2.776033,7.058915,-2.8759365,5.427363,4.0959806,-3.2370512
-217.06616,140.94875,-15.353483,66.79995,11.747387,29.427488,6.0880747,-1.9012059,7.5817213,-4.858922,-0.15503001,-0.05633831,-10.441367
-270.25076,152.10234,6.9965186,64.82916,14.5990505,33.792137,12.934308,-1.7632672,10.265132,0.38566518,3.7100673,0.6356077,-12.291311
-225.20264,148.0734,-25.5546,63.982788,7.7433615,29.339857,9.2168865,3.8711267,-1.3144805,-3.6296248,5.0605326,8.284513,-10.173069
-268.6205,173.21695,6.1779537,44.974415,19.516682,33.099064,5.8102503,6.7074175,4.1671915,-2.760381,2.781668,-2.4050055,-6.5143213
-259.58102,148.52386,-20.18737,46.79155,12.877733,28.507395,-1.2118437,-0.7287331,19.392874,-5.609124,9.244436,3.6164427,-8.39516
-197.23972,162.33682,-22.423935,53.58132,3.9820528,33.104664,-3.8163633,1.9439781,10.45496,-17.72219,-0.9035233,0.29636312,-6.6401224
-160.17332,188.92636,-44.531364,44.491264,12.654184,33.620293,-6.480114,-10.455317,11.527937,-23.542213,-5.499569,5.3970823,-12.515163
-151.95024,176.33176,-34.887283,56.540665,1.3589977,24.72402,0.5290369,-6.1083617,5.2444057,-15.443701,1.1764872,-0.5073311,-6.396555
-237.72452,165.27902,-19.571747,59.601162,25.29028,23.220243,-0.89670736,-1.4454204,12.141932,-7.3150697,-5.505043,-0.6718062,-11.669941
-239.47754,183.11467,-18.0661,53.16918,4.172162,22.303085,12.73264,0.9125861,4.165912,-7.2735467,-1.987401,0.23414552,-6.24832
-282.57965,191.63193,9.476065,47.06208,14.582991,2.6064355,6.9844255,6.909571,8.360135,-9.775095,-6.875684,-1.6823064,-13.322714
-379.0562,148.03256,9.826429,32.092964,23.863846,31.689714,15.2958355,6.800481,3.5949247,3.8236234,3.264187,0.7053988,-5.5757737
-194.5804,153.50314,-67.23565,61.101257,26.242895,23.765545,-13.4963665,-5.7256765,6.213214,-21.429333,1.0742868,-2.1348333,-19.006268
-110.4408,161.38979,-70.58123,47.359978,-6.650054,30.413654,-18.682682,-5.2243786,5.6551714,-18.403448,-3.1819186,1.2102273,-13.541431
-134.5666,167.1159,-51.18092,54.709293,-21.557491,27.274164,-12.751934,-10.791615,-5.1582294,-10.409806,-4.7282953,5.695979,-12.597234
-160.81667,177.83563,-35.22466,33.610977,-10.687389,34.28884,-10.7964325,-0.23556876,-2.0223901,-19.422775,-10.904154,6.4369507,-21.144716
-206.40097,161.12143,-40.84325,54.9728,7.2114906,34.243713,-12.563248,6.344897,13.0325,-16.395424,1.0729378,-4.617596,-23.156612
-265.7807,160.25235,-34.024292,65.727905,-10.059845,28.112118,-2.2462835,1.0758556,-4.1145086,-22.597069,3.2214162,-1.6885571,-22.289633
-286.38672,75.979614,-72.6592,75.17243,-5.483633,18.64502,2.1381326,2.8418708,-8.748489,-6.5451055,-0.11443204,-3.5668252,-10.187906
-102.29052,184.93608,-76.71036,34.24192,-18.160076,12.9925785,-21.675251,-4.229388,-16.163834,-15.534429,0.61443484,-5.207962,-12.963062
-140.49133,175.35461,-51.256153,51.463158,-11.26679,14.524621,-11.645828,3.3118734,-5.679618,-16.585981,7.992174,-9.201723,-23.239826
-107.207726,160.32718,-58.469917,65.71884,-7.6722636,21.278004,-13.472218,-1.7639011,-3.4285355,-11.08457,-3.7987995,-0.84414876,-14.656996
-170.26056,169.97536,-44.156868,56.71821,-8.796652,24.629223,-0.06608759,0.20204222,0.105798304,-10.976109,-3.0849538,-1.621526,-15.587236
-181.24194,186.06168,-39.23614,41.911636,-11.717823,13.802783,-0.3708136,-5.8945146,1.5971863,-18.111435,11.920429,2.3790233,-4.8105116
-128.49402,161.27396,-38.211388,63.573753,-18.076292,26.890945,-13.077199,-7.019248,-11.745476,-18.997602,-0.7913177,-4.365302,-21.064009
-170.17665,156.67987,-45.477093,47.51536,-15.538704,34.617546,-10.964004,-5.2512264,-9.561242,-26.57384,-1.1800368,2.502367,-23.231472
-127.53942,162.3535,-36.846954,42.940815,-24.931835,19.879375,-6.0778894,4.467127,-13.362696,-14.427238,-5.160556,-1.8939812,-14.018247
-161.11102,137.52475,-55.875122,56.24994,-2.3060734,31.050789,-16.271225,5.148652,-21.497082,-4.6291504,3.923183,-12.674225,-21.343403
-258.75903,143.17206,-50.022934,61.6461,13.859289,34.570396,5.9310493,3.9362435,-4.430779,2.592674,-2.8326387,-6.4790316,-19.734314
-198.10808,159.52316,-39.833458,50.202057,-6.106724,19.8372,-9.595069,18.492512,-9.339422,-10.546285,3.550594,-1.2490898,-8.010186
-215.78328,174.33093,-38.75826,57.51403,-0.57693887,21.358393,-15.899771,18.416945,-8.269178,-7.8561096,-1.5116649,-4.8855243,-8.254667
-227.5343,122.70784,-48.86093,97.211716,0.7421853,40.799862,7.3966656,8.918908,-16.565922,-3.279805,-2.2515678,-5.245578,-12.33679
-221.3263,198.83577,-36.798607,35.81517,28.595142,13.1751175,-3.5032358,-0.9328277,-8.983894,-19.29065,10.167603,0.9471546,-11.280616
-405.90457,83.64125,-27.341763,35.76117,10.553686,9.186671,15.259901,13.642929,-9.335257,1.5679046,4.349882,-8.683233,-15.43
-287.41992,129.48975,-20.952694,59.98707,7.5407414,32.948616,-4.981695,9.5584345,-6.7993174,-5.218589,-1.8194158,1.775378,-10.094311
-263.89105,102.12259,-42.01264,90.36727,17.378576,48.060738,-6.102756,15.929762,-10.445329,-6.5256476,-8.267054,-6.3487587,-11.914508
-243.36864,185.66992,-38.177948,42.82643,-7.289508,23.30012,-6.655932,9.026937,-9.457342,-4.7183175,-1.7379701,6.4749804,-1.546806
-512.2938,60.785965,21.452559,53.879948,19.649418,23.455664,3.3184485,16.297941,6.4614315,1.0259856,-8.460199,0.6475001,-6.0115037
-221.67918,192.0051,-41.982605,45.173096,29.908997,26.440361,-11.400283,2.8258557,-16.45203,-13.894039,4.884992,4.0029936,-16.916939
-220.57509,109.2502,-43.549934,98.50224,0.20360184,42.708824,-2.3283052,6.564151,-14.447607,-4.7145643,3.1489027,-2.494742,-16.941006
-281.09357,147.6083,-16.41437,43.88813,-6.50027,28.636555,-0.21480411,12.420443,-14.70796,-4.41448,-4.8140798,-6.4099607,-8.741747
-306.1739,136.60573,-6.7675385,38.08528,17.357788,29.878998,4.6932526,12.880236,0.15654081,-6.720514,-0.5839968,-7.305545,-10.678268
-229.67465,103.561356,-51.594044,32.593773,4.819932,11.86706,-6.954797,-5.672959,-8.634965,-5.0195,-3.0675101,-3.2014914,-3.8965101
-223.24156,196.07993,-35.958252,28.086521,-7.618776,11.708708,-1.7122505,9.964264,-4.3090982,-16.785257,-5.0933175,0.22495997,-13.953932
-189.84222,214.3065,-24.945904,39.78677,-12.913025,8.034649,-19.84866,10.577702,18.02406,-22.155954,-6.4848223,-5.6891937,-21.747675
-305.70593,163.48196,-26.756279,23.738625,-1.9263817,16.261518,4.5517755,6.878849,1.5488734,-8.396468,4.0196705,4.296256,-6.2829638
-188.60411,184.25226,-31.437286,51.132282,-3.5108676,21.154684,-8.08832,15.83183,-7.726579,-19.616207,-3.6657164,1.9828454,-5.681596
-279.8725,158.31503,-38.139496,41.660282,-0.8666941,19.37503,-2.6241312,7.979366,-11.262793,-7.317252,3.5365956,-1.5315466,-12.843963
-227.18103,182.12944,-33.794716,45.084724,23.98965,15.535402,-6.0047736,9.050998,-10.44918,-15.467866,2.6584082,-3.9690862,-6.9808526
-218.0273,164.37555,-39.149258,34.82708,9.200724,22.381966,-3.8415973,-6.3025446,-6.4823523,-14.590446,3.9883697,-6.4947567,-14.114052
-187.07355,184.7798,-41.866287,43.92932,-0.050956577,14.221219,-6.7964725,11.368569,-7.656992,-10.618771,-3.7826915,-10.723425,-16.55935
-204.77847,162.81082,-44.97342,41.637493,-16.813082,32.376675,-6.204037,-2.5005593,-7.090399,-0.6516347,-0.8467666,-0.99866635,-11.038193
-211.70822,180.94962,-22.093273,53.25437,15.360321,22.40443,-11.837732,5.97299,2.8928626,-9.966663,0.0938977,-8.261242,-16.076977
-198.43481,163.11699,-44.188683,50.111523,15.622581,14.58758,-13.398705,0.568739,4.9883466,-14.6722355,-7.5931144,-16.997032,-16.857773
-213.1321,183.99286,-35.47014,36.829163,17.436846,27.931532,-3.269436,-2.5504572,-9.533562,-8.473403,-2.7479916,-5.894599,-18.024456
-234.88577,211.49487,-31.083523,37.038048,-12.037287,22.226063,-4.48595,11.006178,-6.1684155,-15.739571,8.358449,-0.8438556,1.6055392
-252.27292,196.29228,-9.172483,17.936779,16.19154,9.465672,11.3158,8.121941,-2.6999261,-12.673502,3.822108,4.4972086,-3.420325
-289.66486,150.65067,-33.11566,42.28385,4.8516974,23.997126,1.0309952,3.8278832,-16.439476,-6.32847,7.628083,0.47244143,-3.7466793
-327.31088,134.54327,-14.899239,28.299488,-10.673168,9.692698,1.5051134,10.760439,5.9631977,0.2206887,-2.444038,-3.0440423,-8.690175
-260.51578,111.649155,-40.93332,48.747032,-23.186422,23.220615,6.964188,13.195377,-6.2092257,-2.7925303,2.2860017,1.1317878,-3.7452362
-191.64073,178.95412,-36.65085,60.696873,0.22923422,33.854317,2.4376998,-3.3909569,-7.8950844,-19.205353,-5.310124,-3.8347523,-16.112148
-236.66628,205.25505,-29.964876,29.891098,-1.2031611,25.042198,-1.611747,-2.5291138,-5.9355974,-15.048122,3.476308,-2.482615,-7.2894287
-214.0468,172.88168,-37.904465,63.134346,-10.681308,33.2434,-5.9082336,2.7449744,-8.642192,-9.205815,6.5557327,-2.39291,-13.758051
-254.0665,158.07576,-18.275917,26.734173,0.44494772,9.976847,10.709076,4.408039,6.3207264,-6.4490547,2.7968874,13.86838,-2.3475637
-124.086975,137.26328,-42.754616,61.50859,-20.687191,40.140106,1.1973937,-8.981886,-9.486534,0.1300441,9.501061,-1.5740548,-12.222699
-134.46452,113.830864,-55.084457,47.39901,-15.556488,46.74576,-11.095471,-5.157443,-18.940746,0.8001697,-2.8074245,-4.719519,-14.929852
-131.42947,160.84033,-47.535885,49.01484,-18.562664,26.486797,-7.636242,-6.6210885,-9.9022045,-10.90266,0.41051498,-4.0043726,-14.502551
-96.00004,167.7531,-70.118835,49.492443,-16.622997,27.14003,-20.942234,-10.806446,-16.968252,-22.13401,4.4868975,1.3745711,-15.228876
-86.39069,164.21426,-64.46898,55.21805,-21.668837,19.243229,-16.113174,-0.080919504,-8.579614,-21.797207,1.6566174,-7.203744,-11.4920845
-103.937874,162.82182,-52.169254,59.583927,-31.227615,17.129303,-11.443697,6.7390003,-13.282557,-17.860544,-5.084945,-9.525624,-16.464743
-194.71217,153.35524,-52.895107,62.870354,-10.323842,24.509808,-3.8912888,6.2656326,-11.766397,-20.471664,-1.3850062,-7.82958,-8.529688
-132.57292,169.26855,-40.510986,53.378365,-10.003763,34.305317,-12.60925,11.75767,-14.724353,-18.692371,7.2093935,-2.1781554,-16.367039
-117.364876,182.21135,-63.483814,55.009613,9.735834,31.04369,-14.778757,-9.855179,-21.500778,-14.275674,4.332697,-2.888789,-18.792616
-169.9891,155.32442,-52.72308,65.98887,-0.9794007,25.107212,1.669754,-8.620478,-3.1447887,-12.463139,-3.100426,1.6662353,-21.080631
-239.35931,178.52887,-18.906124,41.174484,15.266472,30.006023,3.527603,3.357848,8.872452,-18.70294,-6.37854,-3.8485742,-18.488447
-273.03055,189.54128,10.448363,31.769543,18.281425,9.324713,7.2580514,9.779425,15.154473,-0.4638747,-2.4804099,-1.3196144,-2.947486
-255.67545,172.06133,-16.545675,57.32593,24.190895,30.71299,16.65769,0.6919595,1.0315249,-5.3947635,-0.5359582,-3.4147754,-7.268109
-202.89044,158.17682,-29.805172,55.20111,0.8649367,26.46441,5.655878,-5.0658565,4.4869986,-10.431574,9.800279,5.473633,-8.830442
-220.62193,154.10349,-27.889822,51.312042,24.657356,34.046196,4.461951,-6.5075583,3.7902246,-7.7826133,5.7444005,0.9731326,-10.071205
-243.43463,161.69727,-11.142788,56.534203,28.6552,30.860899,14.517164,-1.9400833,8.5483885,-7.038872,-1.7794942,-3.8191302,-9.307566
-342.51303,153.01329,26.440353,40.668617,10.616776,27.752441,6.8520036,-1.6192902,20.354141,0.00090938807,-1.2085471,4.2939568,-6.323701
-259.19067,151.28987,-23.240871,45.711113,-11.687922,16.202126,5.1743584,-5.7889347,7.94618,-2.3897314,10.152323,9.3611145,-3.5340998
-249.08824,170.36858,-8.946229,46.382946,-4.347782,13.531354,7.0331416,-10.331791,0.97067034,-8.610931,-4.531817,-7.9638734,-11.675709
-243.7114,170.15436,-16.274574,42.35103,29.21745,19.143406,6.8407197,-0.51429254,5.761124,-0.9413979,-3.0626674,-9.478442,-11.033834
-236.32556,153.7883,-24.084877,69.35123,30.410229,36.776127,7.774051,1.3009945,13.999357,-5.797597,4.865779,-0.025515676,-7.9547606
-219.68103,174.3565,-13.420511,63.027092,3.5499663,24.09405,4.7152653,-3.3646014,8.061852,-11.840954,-4.7794766,-4.5210257,-9.975519
-210.62206,137.00336,-35.98206,45.19637,0.5826076,19.446247,-0.2813737,-2.850178,2.419272,-13.832436,0.13331226,1.9924518,-6.2064886
-217.68889,167.26491,-18.708576,49.024277,24.508236,28.958775,1.2294565,-7.88041,7.957713,-10.674196,3.1788473,-3.3781424,-11.614174
-239.66205,171.19724,-18.873621,55.14025,11.869507,26.906319,2.254419,-7.1099463,8.207916,-7.8127074,2.8060405,-2.7944608,-10.302721
-219.50034,142.36017,-32.214283,42.262062,-0.734401,21.67588,-6.1367245,-14.290789,3.3330107,-12.342342,5.779297,4.8907375,-9.123493
-311.2449,175.68832,16.481155,25.194231,11.140794,18.90688,9.871808,-1.5234308,12.147842,-2.3017344,-7.230613,-9.050041,-11.328959
-247.8945,166.11145,-25.173069,67.59472,28.440662,21.0018,2.1492145,-8.686039,8.908779,-10.235278,-4.738433,-8.842835,-11.944189
-276.94003,133.663,-49.44926,38.570793,11.655149,14.950751,10.800784,-3.6876674,5.3672733,-1.7463524,3.0184803,1.2638308,-1.5661861
-259.66724,169.86787,-26.28595,74.28291,7.2194767,23.503962,3.4582403,-4.859568,6.8792477,-8.304131,7.7293634,7.2516546,-3.577677
-268.4657,125.30617,-20.882805,80.131546,15.978207,42.740654,4.328638,0.9394525,6.4743266,-3.914571,3.308735,-0.9474051,-12.234493
-166.80304,181.57721,-47.754997,42.505432,0.35744333,28.306522,-7.0142155,0.7490655,9.238564,-19.302902,-3.808681,-0.27303934,-9.525839
-170.1733,169.3197,-36.669266,34.728798,11.139068,29.469376,-6.484833,-8.6637,1.1495044,-13.823878,2.3000908,0.12711537,-10.248351
-189.0291,144.49182,-26.63987,67.11363,32.87448,32.22074,-2.8564074,-2.4901042,13.095593,-7.091261,-2.376754,-3.4704216,-14.355154
-268.76373,187.43555,-3.083838,34.136906,22.377724,28.094479,12.413208,-0.029023707,3.3401961,-4.0284414,-1.0695076,-9.7474785,-9.351049
-242.63443,182.22894,-3.2229114,45.8409,0.19348395,24.427422,7.513047,2.5830808,9.847668,-11.047331,5.497852,3.3853467,-1.1645937
-207.30095,151.84375,-32.413445,60.85121,12.169962,33.60003,-7.7682548,-13.620994,2.38427,-8.21532,0.37695074,0.6729802,-14.195053
-203.77582,165.36575,-28.327488,65.01387,12.095916,35.925537,-6.3237505,4.468733,4.9146814,-11.455265,5.237131,-3.7208655,-11.584862
-202.42053,168.86472,-31.051884,46.41652,-8.141882,29.130571,-2.8085139,-9.0469475,-4.5967946,-21.458828,-0.72600543,-0.73630404,-15.412715
-235.09923,172.98477,-7.322707,48.737988,16.471329,14.254352,5.4751587,-2.8206198,5.228927,-6.3776617,1.9146478,-5.880271,-12.985657
-178.40378,156.92532,-28.907639,54.808815,7.682406,30.18393,1.9290555,-8.560078,0.42603958,-8.55703,0.44233328,1.9164087,-8.482201
-201.5083,115.65349,-63.943695,53.5449,-0.28999677,17.635208,-4.2858615,-18.702381,7.0825195,-9.561229,3.5861301,-1.5437582,-4.484458
-151.39532,161.15611,-49.951134,59.37156,10.343651,17.508831,-11.6904745,-1.6332948,8.170227,-12.108829,-2.9767504,-11.585485,-12.635106
-192.83627,199.63188,-23.783512,32.198086,-6.63324,14.249133,-7.0020466,-6.2644405,4.760726,-18.83621,1.7692778,4.184553,-3.403543
-194.26035,160.71655,-32.23501,23.144543,-3.7605855,21.022816,-2.600257,-6.9370365,5.3512545,-6.7333474,1.0213963,5.1577816,1.8014588
-184.54257,183.78796,-43.12201,53.90524,2.4907346,29.447834,-1.0512156,-12.718926,0.2601666,-13.017946,-1.2638211,2.60639,-9.682104
-227.15341,172.55106,-33.871174,61.74951,16.001944,19.77725,3.5441184,-10.939013,3.9969983,-7.9872856,-2.4709992,-7.0031557,-13.910195
-215.05357,141.56091,-51.027855,48.01776,-4.281563,25.072353,-6.6716785,-11.032319,9.276203,-5.4726357,4.2451453,5.3614616,-3.877591
-206.49196,174.6084,-32.82092,36.327576,0.78280795,27.593912,-1.5894985,-8.667025,7.233213,-8.996588,7.462208,1.4006397,-7.488168
-225.9143,159.93575,-10.15341,54.658035,23.619724,25.215832,2.684795,-3.815979,16.298437,-7.3860703,-4.9761076,-5.2435894,-7.8246355
-228.68323,149.96262,-19.355732,65.589714,15.652489,37.384426,-0.76904005,-3.0047975,4.9225607,-9.667204,4.3735647,5.451273,-11.276786
-243.95409,152.56726,-14.855517,57.4915,6.7225065,37.44554,1.723913,-2.0686593,8.650506,-4.7165523,6.127699,6.903896,-6.2978053
-244.53177,162.91258,-23.345734,38.362057,0.4714096,29.129189,1.7799181,1.3490503,8.8268585,-9.075285,-2.3261154,3.2515516,-7.59063
-186.20358,179.70757,-45.9166,53.03224,11.49401,34.65595,-11.2803,-17.197714,7.568498,-18.094809,4.491077,2.9542723,-8.164499
-219.84875,174.33757,-26.053436,57.192745,11.220142,27.463936,5.0451126,-3.2410278,3.9088488,-11.433985,5.6409683,0.8034219,-7.307956
-265.3089,187.27727,10.048885,53.178635,13.821823,21.452524,14.098814,5.825149,10.922115,-12.659405,-3.9602766,3.4790635,-9.666445
-203.4969,133.99634,-50.24846,73.91841,8.428342,27.275564,3.2281423,-5.120473,4.30621,-0.7542105,5.7492204,2.9303558,-8.193372
-190.69011,173.94652,-17.221613,44.239216,-19.489243,23.245926,4.620248,4.59976,12.214798,-14.59804,-0.19366586,-0.561035,1.322208
-191.62184,162.42914,-56.54078,44.506653,-14.498185,17.968609,4.283597,-9.949425,4.219493,-6.841669,2.6526551,6.4902854,0.03674054
-153.42238,168.40482,-32.61376,32.92263,-16.944563,22.079788,-11.769665,-6.1564603,3.5131993,-20.73025,-3.8600783,-0.9169642,-7.2244253
-172.77669,175.68427,-45.378876,35.105606,-9.968525,20.883972,-6.988546,-0.4417775,8.421808,-11.204659,2.1690743,3.171571,-0.043519974
-237.35143,155.28035,-27.579853,76.351135,36.064163,33.072525,2.6624193,-3.8549848,18.02943,-11.468737,-2.447441,-14.192143,-9.707853
-222.65439,125.46765,-40.234417,56.1762,2.061737,46.67803,1.0548313,-3.5632155,9.800407,-4.7888727,7.926076,4.603916,-6.695902
-199.15906,170.60048,-17.350155,52.55594,-2.3468187,44.641323,3.442219,-16.566374,5.919332,-14.206235,5.8057613,1.1908201,-4.8781824
-243.80095,155.40787,-3.314308,59.033615,10.976656,21.055752,4.216015,4.5195427,16.621845,-5.1989584,4.449514,-1.085155,-5.898815
-248.35666,163.1659,-6.463935,59.891693,12.283415,40.21203,9.355051,-12.761421,11.366047,-6.1391706,3.7685473,-1.0061039,-3.7676744
-117.73129,157.4303,-38.96875,58.495193,-20.447758,35.2405,-5.5097284,-0.9512052,-8.351183,-9.681946,-0.5236649,-1.0366999,-11.921095
-143.25833,116.13411,-39.41169,72.15653,-21.5853,30.684673,-12.010651,8.202279,-5.5197086,-6.188737,-9.341618,-3.281509,-20.724556
-165.42422,180.8855,-34.502457,50.48562,5.1924467,19.07002,1.153897,-3.20196,1.5207143,-18.426865,-8.001319,-2.3672857,-14.046331
-155.73752,178.73373,-32.21337,60.208397,-15.511812,22.479523,-5.391714,2.3420506,-5.6565666,-17.95652,-2.374734,-0.50225735,-8.410405
-191.65524,167.30087,-17.646652,32.879227,16.16297,22.55545,2.8630996,2.1686108,0.19476445,-11.196261,3.967126,-6.34249,-4.6201386
-210.14258,169.60603,-26.202843,50.464935,13.2388115,28.41315,2.7786994,-10.207147,12.099789,-8.350153,-1.3527784,-4.2857046,-7.386792
-181.14697,148.67403,-26.239166,48.641724,7.896009,25.66664,-2.7909076,-17.542538,1.5926024,-10.350542,-1.8517737,-6.134346,-6.906589
-214.95796,170.86227,-25.051037,53.723938,19.438818,34.650436,-1.8934635,-13.849962,10.325311,-12.052784,-6.057213,-13.9134655,-13.340202
-273.43622,150.8471,-0.94048065,51.98645,13.48983,29.982912,11.745315,1.683534,12.3379135,-1.6023881,3.8549953,1.0243323,-3.3338232
-250.9892,167.25693,-7.991292,55.23625,7.1212544,37.726692,5.93517,-2.4518635,2.5734031,-6.916296,3.5213084,-0.3225934,-3.2139502
-192.47784,116.409485,-35.52828,73.964584,19.434132,44.601067,-14.022679,1.6981727,0.17373002,-10.352909,0.03617859,-8.89744,-15.766523
-137.3529,170.57008,-31.483063,39.73107,-16.660122,18.630203,-0.7145896,-6.8288484,-1.348837,-19.598272,-3.8515372,-6.1385703,-17.756264
-167.37817,139.99112,-29.13863,45.875427,-19.957687,30.96553,-8.73008,-0.99661505,0.3554886,-13.634969,-4.650983,-0.47019774,-16.780447
-168.2826,131.75041,-25.759886,60.01116,-18.153744,26.909767,-5.9910884,1.1240132,6.196977,-3.166653,-0.88393754,-2.3182888,-16.353449
-223.99652,198.4212,-27.84524,39.15145,2.409553,11.5392685,0.1269536,8.825173,0.014609098,-4.884083,2.2441733,-1.0707511,-12.38538
-219.17966,146.05498,-38.159683,49.93251,5.3292513,40.040974,-4.3286924,-0.8002877,-6.3961153,-8.1159725,3.5818048,1.5154588,-11.000032
-209.1789,149.65726,-38.93052,55.121277,3.3139343,50.730873,-3.2163653,2.560725,3.478717,-9.032909,1.8232417,-2.1114495,-24.429062
-182.77292,129.69156,-25.31129,48.62107,-23.981598,30.37479,-15.851831,-7.3893895,8.252188,-4.8150096,-7.297137,-4.7503552,-14.074862
-174.0206,149.91519,-47.814453,60.40621,-18.11994,37.132126,-0.14088443,-3.9297867,1.0669279,-12.637968,-3.9080122,-5.525219,-15.519364
-239.19164,142.6055,-38.340286,60.690254,3.992013,51.15989,2.6482368,-20.042408,0.18652356,-12.278374,-0.8323663,-7.244899,-14.722186
-199.08138,172.73386,-37.166153,56.359528,6.048609,31.631382,-5.590515,-5.7500477,-1.7371943,-13.037205,3.6453152,-6.8258696,-18.682648
-186.42642,183.58691,-20.010754,44.387268,-20.471397,23.442463,-0.20158589,3.0663955,2.5977993,-13.697908,-0.9004338,-4.2202,-17.443296
-172.66537,173.53217,-27.557714,55.51597,4.8644404,24.027065,-5.8428154,-2.727065,9.439035,-11.030609,-4.9003377,-5.9656134,-12.115472
-268.18924,175.13663,5.6753235,42.554012,17.833258,27.492117,7.6591873,-0.59991425,17.972122,-3.63931,-2.1117623,2.6791906,-2.9994748
-281.7415,144.95297,5.3379784,60.76001,19.639338,39.114098,4.79774,-3.9523106,15.190857,-3.7388666,4.3075986,6.4782014,-6.484203
-261.30356,154.49472,-5.0755787,48.80359,-2.9201825,27.454239,15.5101595,-0.4381703,11.94231,-4.4210114,4.8659277,6.1276536,-0.9105346
-224.4747,106.48487,-33.107162,50.449707,7.8236113,34.03083,0.91707695,-11.064634,11.0473,-3.0987186,7.686518,3.0341604,-4.791753
-290.77563,150.8187,-3.3724153,60.880066,18.520813,27.20266,1.2126558,2.8623989,26.34265,-3.7350383,0.44934952,1.9988761,-4.4232707
-155.90851,173.39206,-35.473118,49.789368,4.7132463,35.689964,-3.9662461,1.0374228,2.239384,-14.601454,4.3053403,0.053142667,-15.847269
-247.13539,163.1128,-8.385144,60.031906,28.039644,27.439686,1.1839864,1.5799117,13.542692,-4.915245,-1.6683567,-5.881466,-7.9539104
-239.64006,130.17966,-26.526806,61.55437,13.764722,42.08576,-3.6993947,-8.645742,10.480316,-7.970437,12.248183,7.400558,-6.6302605
-207.26497,168.49258,-15.374935,35.145016,5.5532937,15.051071,-0.47204432,-5.057088,9.318429,-7.2624226,-0.67938864,-4.889694,-6.7771645
-425.96368,92.31201,6.6613564,41.487152,25.934362,25.879702,3.1283927,-4.3360467,-1.4479021,-3.0311298,5.991422,-4.320261,-9.129714
-216.1843,168.81287,-21.109116,65.51224,3.4008074,29.579182,-7.477017,-9.354054,4.5640926,-9.774511,1.7120259,-1.1845481,-11.691955
-245.30066,170.99501,8.506596,56.927673,-4.4821806,5.7415504,-1.6258262,-1.4822627,6.412259,-7.5536675,0.61587656,-0.64195,-6.185217
-208.51234,123.33052,-40.204685,45.026817,-11.371838,12.752682,1.1757815,-1.247498,10.916377,-3.102724,7.3567863,5.1514993,-4.397993
-223.33583,156.69559,-8.034121,64.91844,-13.260395,26.60013,4.6595597,6.992571,4.550358,-2.6029415,2.8883605,4.0352297,-3.360219
-136.92389,181.79596,-38.34926,60.10795,5.142149,31.40889,-11.655279,-8.677468,1.7340287,-16.799253,4.503749,-4.3901668,-16.781912
-143.5742,160.83199,-52.48471,61.793747,2.9372916,23.979076,-9.902618,-3.9072313,3.8167326,-7.7604446,-4.1732483,1.5131787,-19.509995
-242.39525,168.55348,-10.602503,31.76568,-5.6888323,29.750679,-9.458863,-7.418524,11.557146,-11.398739,3.1337109,0.5900568,-11.961019
-233.22504,166.75774,-10.192493,54.390743,17.77489,23.899187,0.76459223,5.451705,15.339487,-5.8094797,3.63737,-4.767558,-9.285233
-254.09639,139.56183,-14.566387,60.63862,11.410147,40.013065,8.337141,-2.4688842,12.878584,-3.5747733,7.385779,7.404088,-4.7823896
-256.62607,119.01627,-47.250305,60.844067,-13.004585,30.023113,-0.5191491,6.8200417,0.513654,0.810045,4.931224,6.134322,-7.607416
-163.76714,159.18869,-45.099464,47.580265,8.899681,27.754242,1.9618125,-6.352086,-5.184828,-17.125332,6.8652344,2.0625534,-7.136277
-196.92139,204.11703,-30.080566,31.548546,-4.784477,12.949366,-5.2280455,-0.8056898,34.284256,-15.263632,-12.64048,11.102915,-2.9709387
-241.94807,198.20401,-23.693361,39.397114,-6.370849,14.088962,-3.2457838,1.0190794,21.750418,-13.640387,-10.900455,4.2909927,-2.9224315
-276.51758,200.56381,-23.926298,33.259064,3.2259667,9.934084,-1.3437535,2.7712345,23.047825,-3.3432143,-7.2534447,8.367978,-9.175615
-338.51773,166.02017,-18.541952,49.96444,2.6231024,15.6445675,-4.113639,13.719507,11.719738,-5.0072117,-4.7909594,6.110349,-2.4620366
-171.77287,179.45105,-59.17105,48.39022,7.141648,26.905535,-14.571491,-1.4728187,6.0837164,-22.12219,2.909505,-0.8638028,-12.028806
-225.67651,179.78983,-35.33967,23.488901,1.6757307,10.348605,-10.43554,0.063758075,18.361149,-20.733807,-3.936563,16.854475,-0.16039348
-254.7451,187.59227,-35.524178,49.826088,23.08928,29.446842,-3.3191676,-1.4044518,17.637764,-20.022614,2.784804,8.98318,-13.118306
-249.65907,183.54349,-29.22409,55.10628,31.719254,34.677776,-6.7648077,-9.022623,16.906921,-13.7609215,-1.3410228,8.515945,-14.6792755
-331.36682,166.05594,18.384361,23.18446,5.1756063,13.962148,-1.390176,5.076434,7.624921,-10.143853,-6.729168,-2.2450106,-4.58157
-205.68594,197.72682,-11.550196,37.940857,-5.7051373,21.614594,-7.8143835,-3.1951928,20.058395,-15.662127,-3.02914,-0.57447106,-4.620769
-273.56845,174.08986,-16.299995,34.108322,14.580556,35.703728,2.5598164,3.477735,8.671563,-3.9488091,1.7119428,1.8241258,-2.1192605
-208.99757,117.13451,-44.350037,66.039406,9.033758,41.284508,3.0730722,-1.572844,0.12829162,-0.5571391,1.3992546,-1.7687079,-9.069894
-142.54753,177.03474,-62.841904,50.814125,2.7881088,31.5618,-11.8191185,-3.6892786,7.424249,-10.388501,-0.57341266,-0.3890409,-11.796556
-232.46878,198.86429,-40.48196,21.931042,1.5029407,15.429684,-3.254392,-3.631823,13.397826,-21.30812,-9.087547,3.5674572,-3.5232782
-315.34775,163.16458,6.580128,19.766125,4.451398,3.0960393,6.5783906,10.926464,10.712951,0.7217254,1.8903761,0.43363002,-6.3889456
-142.89812,190.4595,-56.657852,34.638832,17.519741,36.010727,-23.157585,-6.285285,11.02492,-24.822174,-4.5271587,6.435008,-16.01123
-169.15662,198.21323,-68.06615,43.76185,18.966187,24.423233,-13.085757,-14.127927,12.235644,-30.031502,-7.386202,6.314622,-9.478708
-178.27411,160.604,-59.53311,51.239532,-5.3315573,25.882206,8.0488405,-5.598708,5.8647985,-8.91121,2.8344736,-3.2473497,-9.358617
-211.0141,149.11241,-51.039726,36.86302,5.9626026,26.46945,11.873278,-14.688095,-2.4819572,-6.573887,3.0852242,-0.38182962,-6.58304
-181.19043,181.63626,-24.211304,42.42737,3.8670926,28.939642,-1.2287639,-3.0179372,-3.4392786,-14.3537655,0.6141866,2.7264538,-11.24211
-112.042244,161.66238,-55.3935,60.977394,-5.4077096,26.25433,-9.139124,-2.3887472,5.9671593,-10.978017,-0.30047268,9.34848,-13.559853
-166.12274,160.49388,-41.245068,64.17333,10.927834,33.96792,-2.8340328,-7.0849714,10.292009,-2.1634667,-5.4305716,-2.655118,-14.577665
-145.8957,159.19269,-55.546326,58.158646,-1.2516174,23.771774,-6.1640043,-8.830793,-4.61491,-13.775028,3.2404816,-2.2848587,-10.4073515
-157.75209,137.28607,-56.850075,60.133106,-6.877972,48.27452,-5.3174706,-0.11356753,4.5370946,-14.900114,4.054949,-3.301543,-20.987324
-223.90883,173.41959,-42.716568,38.0122,-2.5641336,16.848576,-7.4185553,6.320018,6.1714115,-10.992195,-1.8639826,-1.0831056,-16.242085
-231.80827,152.80675,-43.121834,51.16999,13.434817,34.985966,-7.2887754,1.938808,6.9195137,-19.999561,2.0077682,1.7654862,-13.493086
-281.31058,120.84159,-29.965797,40.993683,14.651355,17.34621,-3.1787052,-2.4950333,7.930117,-10.0517235,-0.13240564,-2.5680323,-12.33408
-167.80573,152.2254,-45.383526,54.27612,1.0406784,34.037773,-5.8472376,-2.787457,2.6263254,-7.36888,4.2480593,2.8604274,-14.043775
-160.51242,188.1557,-47.991714,39.563774,-14.877777,27.201563,-13.848024,1.3589542,-3.4468422,-22.450258,1.868701,-5.7972484,-26.52228
-143.62563,178.80948,-55.770317,48.60611,-22.46559,14.881119,-11.363074,-6.14338,-2.5950236,-19.426266,-4.8640604,-7.9591694,-20.119768
-155.93875,171.30577,-31.540665,53.905384,-3.762301,24.756863,-21.113302,-1.1158261,6.1182632,-8.961884,-9.304599,-3.7356544,-18.498844
-169.7906,167.26971,-39.90627,59.436295,-2.9832668,37.45479,-14.781626,-4.222623,1.7919807,-4.323306,-2.3536704,-2.6265397,-19.36819
-146.30655,193.78976,-42.552414,44.203346,-3.2499347,29.103275,-4.958006,-4.2413383,7.203437,-18.428268,-2.5335765,8.924601,-8.46583
-271.52917,130.96986,-28.016449,53.84075,0.21361417,21.148817,6.433032,-0.061359555,1.9640768,-5.625807,5.261631,4.7158604,-5.1517453
-402.2502,104.54913,7.131643,30.548927,2.6866121,21.591518,0.36722028,-9.182867,9.238089,-0.48915464,4.3560395,9.048218,-1.1254783
-163.15176,138.91196,-55.078785,43.88765,6.3276715,20.359352,-6.533399,3.1245222,4.5329294,-14.829121,-6.2668514,2.012035,-3.8729546
-143.03468,186.12003,-50.960537,40.746086,2.7671237,32.710712,-17.486382,-0.046929378,5.3995986,-28.115788,-1.9189413,5.7061806,-7.952346
-133.12491,177.1788,-43.825195,43.230812,4.3377714,28.555191,-11.393293,-2.6785977,4.693184,-18.78746,-2.7095695,1.5832957,-19.883385
-193.75774,170.00034,-36.468613,51.82561,2.0424294,25.14264,-5.519105,-3.8858454,4.037701,-12.196657,5.1885204,1.7218399,-17.917416
-236.31819,144.17381,-50.34533,69.22186,23.260963,44.55796,-10.070124,-2.9148855,5.777293,-16.107258,7.9474063,-1.3493924,-22.45089
-342.5112,72.51656,-55.752518,58.56388,18.303606,28.395952,-19.471146,-11.674137,3.327104,-6.626439,6.7886324,-8.163574,-19.362808
-173.73067,192.53099,-36.504066,44.7761,-7.159585,18.12159,-17.997416,-4.449404,2.5391996,-6.1786532,5.253939,-3.820825,-13.978403
-267.99713,192.99149,-21.659983,41.999718,7.0983033,25.348385,-2.4639976,-4.964402,-4.4728785,-13.13715,5.110815,-7.7996435,-18.61264
-203.38828,182.26883,-42.9748,46.669098,-12.397166,22.316763,-2.0536714,3.1584632,-4.244701,-12.888346,3.6514072,1.915186,-9.297239
-202.43777,203.17877,-29.288021,46.436813,-5.7115135,15.213615,-4.4729524,-0.20361724,9.865048,-11.660204,0.13565676,-9.19916,-19.90272
-185.4411,174.8919,-38.78501,50.28022,-6.178914,27.76437,-4.086398,-4.904245,5.856105,-15.420363,-0.48120052,-5.1736364,-15.262136
-210.43124,152.61578,-17.78114,50.02222,-25.11066,19.768604,-9.3212185,7.8363914,3.8646696,-11.662263,-5.3572865,0.59044594,-7.576253
-231.48424,109.865944,-15.2594185,50.33734,-8.134375,31.909071,-2.518119,1.3957062,12.080686,-11.6744,-1.5274861,-1.9937088,-9.842828
-297.17603,110.99536,-16.848175,51.974007,4.0659695,26.719625,1.4369109,3.7717063,3.1602116,-8.428462,-3.4843733,-1.6734986,-7.6245966
-169.62349,91.77793,-42.79418,42.136227,-7.627742,25.085073,-3.0489535,-5.219385,-4.4959016,-12.540191,7.5951157,3.307934,-9.200811
-184.6609,159.2959,-56.036366,62.08264,23.996124,43.9007,-13.093118,-0.10359472,7.2489185,-13.71459,6.4379964,2.6612873,-26.134144
-222.21085,166.86957,-37.49783,40.520035,3.976781,21.557518,-12.156569,4.912463,-1.5098403,-5.517377,6.5742817,4.6941905,-11.105171
-221.59647,137.24911,-13.211863,41.12189,10.909211,25.094986,-11.502302,13.69145,14.417566,1.0951072,2.8985887,-0.24880952,-18.658524
-205.77107,183.10585,-26.1387,38.62428,4.991869,8.255016,-2.630062,2.4536119,3.8790693,-10.388578,3.820158,-8.104682,-21.696468
-206.12633,190.25775,-33.32846,43.50323,-2.3139856,22.26868,1.3158841,4.964233,5.0157585,-9.609583,2.2088652,-3.208952,-8.7460165
-189.26033,153.10754,-42.857723,55.033035,-6.994974,27.739582,-5.5401797,3.194237,4.9057174,-7.796069,4.293712,-1.0897994,-14.593297
-112.20083,137.51631,-43.342606,59.876602,-24.990887,34.119278,-8.51976,-0.25610918,5.783272,-9.877287,-7.7447157,5.371956,-15.056727
-138.62495,179.2826,-46.480587,43.444397,-1.7487245,13.358331,-13.052659,5.0585737,-0.38895512,-13.410218,0.3516748,-4.0549574,-11.961464
-392.32462,122.808495,10.069641,36.943516,-1.211566,7.460923,10.116129,12.017512,5.629684,-6.35964,0.059298545,3.4580927,1.4253411
-151.35425,184.83812,-28.6117,43.313026,-23.710928,28.597733,-6.3502464,0.46972167,-3.2341566,-16.597557,2.0441842,-1.6539836,-21.76281
-204.33473,194.29628,-37.895218,29.541515,-6.482202,19.406528,-4.6526423,2.486237,1.2265072,-17.458494,6.5225506,-2.2186046,-9.89593
-207.31651,214.48116,-29.652744,14.542999,-8.997631,14.12319,-8.01791,2.0536487,1.9072915,-17.764706,-0.58211565,1.9847832,-3.0441012
-245.58806,192.1159,-28.870026,29.815084,9.995802,17.398193,-1.3308921,7.362027,2.0193944,-16.109104,4.4010286,2.6950145,-7.1922846
-167.98566,180.18109,-53.679955,47.694717,5.4220166,35.440697,-14.797736,-0.07677376,-0.046960115,-21.478199,5.9173098,-5.4440217,-20.124256
-164.83374,208.97993,-62.381382,25.325008,10.840363,22.177004,-16.486437,-1.2605472,18.585659,-19.37085,-9.897516,3.1642854,-6.446954
-224.63046,211.8866,-29.185898,22.897419,19.623287,15.695276,-14.876532,3.2775583,21.381697,-18.06706,0.6552174,6.4251666,-3.1837163
-222.21292,197.95285,-35.89181,29.285053,4.0267963,21.157978,-8.1535015,4.97087,17.072014,-16.022343,-3.1209824,3.177707,-1.2890857
-227.9694,202.42903,-35.61483,32.91767,24.26566,26.048794,-12.943318,0.5370598,11.156855,-20.146534,10.021103,7.3717384,-7.615834
-240.39914,147.39476,-22.712,45.192665,2.7253268,17.57703,4.6498246,5.889276,7.073346,-10.980726,6.5707235,-0.1298697,-10.610602
-182.74933,103.69018,-38.91764,63.327324,11.505972,38.970924,-22.601696,-10.358847,19.433018,-9.363865,-16.593056,-5.3382034,-19.360054
-172.33748,148.09006,-44.47323,57.69453,-17.764023,47.73723,-15.47889,-3.0258377,3.5631638,-18.241077,-6.635498,-3.1066847,-20.263315
-188.41957,188.30795,-39.749214,38.268753,-6.9479914,25.9612,-7.272791,-0.6305816,8.2184105,-13.041418,-7.4661694,-0.6276622,-21.510187
-283.93622,153.33469,-11.534618,31.777412,9.280018,23.14451,0.038360834,2.753695,18.609432,4.7878866,5.2065296,-6.4524817,-14.799581
-202.68721,190.00739,-26.465303,49.009914,0.44859242,25.18132,-8.210901,2.6990852,14.4456215,-21.334171,-4.3817215,-2.5526783,-22.801144
-193.52478,164.03847,-28.918255,51.202675,-24.545311,30.364128,-9.243327,-4.863553,0.0592615,-12.009098,1.7905824,8.092215,-11.159466
-194.4289,179.9388,-32.724934,48.105537,-26.720268,30.122463,-13.664616,3.8247762,5.419114,-6.3860216,-0.21995375,2.4324508,-13.664889
-209.80722,184.34299,-37.362236,58.23593,-5.5285687,36.989243,-0.73025095,-2.525437,4.6286325,-18.134975,-0.07711105,-4.054042,-19.713882
-210.16154,131.16469,-55.32643,44.85302,-4.739355,33.415092,-5.5579357,-9.853009,5.0836244,-7.826602,7.353965,0.36189914,-14.830246
-172.20638,151.64236,-44.008347,62.706703,-15.722944,27.478512,-9.409461,-7.8528976,7.464121,-19.84391,-2.5801232,-2.1721358,-23.239462
-189.6315,171.32327,-22.944284,46.24675,-29.714872,18.141054,-9.578034,-4.591217,10.713366,-5.0156407,-5.9653945,-4.430996,-17.717796
-169.91856,165.7322,-36.759804,42.505096,-9.2625885,40.883884,-11.966962,-9.4765215,-0.75685424,-12.750358,-1.2968698,1.3466953,-21.80748
-217.2245,135.36537,-30.547253,62.686676,-9.54471,45.01397,6.652583,-2.4299634,4.9459724,-9.679676,0.23595732,-1.1907487,-23.472103
-215.91504,121.315506,-43.535316,64.23343,-1.2928092,42.812416,-4.989718,-3.8560097,6.998103,-10.96986,4.5658207,1.6391194,-9.968689
-202.81134,116.89083,-41.388954,54.02114,-5.255737,21.51184,1.7172842,-4.5023065,3.9900227,-10.228151,-10.309987,-9.721149,-12.964747
-228.86418,125.24813,-43.897396,67.39481,3.9969647,26.209475,-1.9519895,0.08899589,8.311396,-9.713546,-8.891643,-1.2534413,-11.724123
-183.84366,166.62616,-30.07608,46.832756,-26.844376,24.498592,3.4831672,-2.7350545,5.173004,-17.122787,-5.5308676,-3.1424851,-12.0149555
-303.47614,115.46097,-52.54779,59.45601,-2.8399498,26.427628,2.3657165,-4.2959714,6.8220987,-1.4297104,9.616384,6.85188,-8.841466
-147.36674,129.72879,-78.10437,74.16871,4.4691896,36.02919,-24.755651,-20.341484,1.749265,-16.275633,-3.2937026,-3.7888293,-26.402882
-205.87433,120.68115,-53.10649,90.33528,40.674698,55.90245,-23.719948,-4.008402,26.076027,-23.776901,-0.7623851,-3.9967308,-35.074997
-168.43015,162.93713,-56.676598,57.905228,-11.51664,26.600178,-7.7578096,-10.413315,1.1420532,-25.415361,-3.4283295,0.6146606,-19.398087
-223.38782,172.6756,-38.409233,52.005302,3.7253692,22.193508,-7.7033052,-5.1327896,15.572154,-9.616314,-8.057255,-9.383441,-23.966196
-184.11336,186.74829,-46.592705,54.70587,-26.802803,23.876774,-5.0766277,-2.9442682,2.082817,-17.219727,-1.0131545,-4.204351,-13.615685
-185.78026,164.73466,-53.11759,47.20559,-2.7761989,39.605583,-11.222004,-7.2059765,-2.0016859,-16.088802,1.5410237,0.24772736,-20.691793
-211.21906,148.07904,-41.773087,29.073174,-1.8304765,21.90879,-2.930324,-2.4941866,0.3315701,-10.778651,5.6364527,-0.91065073,-4.132224
-185.23866,158.69797,-36.412354,69.95749,13.523535,36.489273,-12.976219,-9.573375,11.68499,-12.895844,-2.071063,0.55310357,-24.061623
-146.44002,150.45532,-52.43611,54.635307,13.349702,38.68345,-14.663236,-4.2702055,6.7518897,-17.425903,-0.92266524,3.8815265,-16.431753
-206.9819,156.36118,-28.4317,60.884003,23.660461,37.49994,-3.6789284,-5.6300197,13.081175,-3.4501624,-1.2387727,-4.502549,-24.69938
-245.69699,141.06332,-32.298965,45.506615,6.127309,13.394953,7.6968093,-2.31551,2.1551366,-2.6034622,9.043416,8.364416,-6.2192526
-196.01152,164.4535,-52.25264,56.60868,-4.236511,22.050486,-0.9330598,-3.0751104,2.659542,-12.195745,3.9608197,2.7017937,-5.620235
-143.82457,183.99239,-59.415257,34.384254,-10.314779,25.548538,-13.988188,-5.407098,-0.90796804,-19.349174,-0.46725017,-1.7323307,-13.197918
-179.06131,169.01224,-46.94729,46.987484,-11.743788,21.506584,-9.341149,4.887993,-3.5218265,-15.474677,-0.7336161,-0.31906128,-14.273237
-176.14252,188.09143,-46.10802,43.885216,-2.6490278,17.878393,-7.7340345,-8.666359,4.205493,-20.876451,7.2589836,-3.4226568,-15.32411
-203.48392,185.69897,-49.986343,46.49565,-23.229172,20.689507,-0.46651435,-5.3290043,3.7749732,-12.820162,7.706975,-1.0187345,-11.79539
-206.35478,201.97147,-34.838356,32.43953,-16.996431,-0.29396158,-5.286774,7.725502,7.917244,-18.647175,7.711114,0.37124836,-10.512753
-180.24042,196.34204,-43.717976,40.645138,-13.063377,25.563574,-6.5760736,-3.6882477,3.0476742,-27.227163,-0.5939869,0.1286102,-19.667988
-266.50943,175.24391,-34.589676,44.211983,20.146996,28.928572,-7.4022393,-6.6496477,0.8346484,-17.81879,7.5400896,-2.4188485,-13.619371
-170.22401,177.90985,-39.3749,54.725372,13.80559,26.563906,-12.842716,5.3441205,6.8108006,-19.725111,2.462064,-2.5063078,-18.604618
-216.29152,188.80493,-33.70896,44.46662,-15.54043,25.413128,-0.0052557886,9.649459,1.2730193,-15.495861,-2.131785,-12.569808,-17.920616
-230.958,202.39032,-51.64583,34.925713,3.5340905,31.951836,-8.796598,-3.1999094,-9.266766,-17.358128,11.535976,-1.9987924,-3.6532567
-294.02048,205.37177,-18.272404,40.343773,1.7361909,16.168583,-2.6016755,14.020054,0.50594723,-11.199636,-0.48312235,-1.4201951,-12.651908
-275.91507,128.16197,-21.792028,61.098087,16.333275,32.727013,-2.1999707,10.716322,-2.7304578,-8.099289,-5.031042,-1.0447102,-9.3851795
-378.08096,120.24852,-38.513123,22.88805,-1.041174,11.106411,3.2446916,9.2397175,-9.501905,-6.558727,7.0724297,5.288246,4.5871644
-223.72017,94.82254,-42.58152,81.46858,6.2439404,31.200993,0.44234195,9.604607,-4.375723,-2.1231885,2.8837833,-5.756201,-11.618734
-253.45776,148.54303,-30.773312,37.59178,11.643991,21.754303,8.899635,10.676819,0.20541206,-4.496571,6.6443653,-3.1591234,-3.2818937
-447.20816,67.11615,9.740683,33.44246,31.144157,30.297817,12.061386,5.9559956,9.703074,11.388535,-6.1355305,-7.6492977,10.7041
-253.08952,171.54335,-4.0213346,62.30617,13.562159,28.013123,-17.760283,9.548188,0.8162174,-2.2482786,-4.520241,-17.894806,-11.334522
-222.17505,165.31662,-48.38099,60.269737,-2.0424786,28.962837,-2.5298233,10.047258,-5.279901,-15.282017,-0.5947712,-8.0307865,-9.3213215
-209.56572,207.49597,-53.195282,35.56126,-10.390539,25.14374,-1.6743004,2.787179,-6.2703896,-8.854457,8.540684,-7.8870893,-13.5582905
-263.69052,217.789,-22.408993,30.69511,1.5596102,16.858814,-3.149467,11.831108,-1.7663109,-9.75559,5.9641175,-12.231041,-11.571474
-468.08292,81.76393,9.706425,65.60455,4.945742,32.489914,1.0423362,8.440385,0.18678641,6.2090077,-1.6220618,-3.406848,-6.3824625
-274.01437,146.61389,-40.045948,45.96622,-4.87784,22.514627,-0.33394134,7.5405273,-12.565156,-7.859019,-3.522884,2.0969489,-3.7811055
-290.37228,137.06804,-36.028305,58.381046,-1.5518749,19.35712,5.3585415,5.185951,-2.784073,1.1883867,3.868639,-6.5205474,-12.464853
-201.68918,198.2389,-36.98012,43.436035,-10.574272,9.159948,-0.6581004,8.13195,4.1337905,-18.776638,-3.122799,-4.617978,-16.24671
-388.63284,165.58066,31.406464,38.42001,10.4041605,26.940071,22.444546,13.6565895,11.105253,6.92922,2.334603,3.6959774,-0.23002255
-180.17424,167.34306,-46.690376,43.629036,7.4999027,22.7482,-1.287652,-4.7855597,-7.5989237,-15.716459,-4.3833337,-6.118452,-14.163987
-210.93878,164.03479,-37.02356,43.7535,-3.364793,20.73108,2.4973242,1.7007034,-6.430003,-6.981758,-2.743754,-11.073331,-15.2294
-213.98193,205.10605,-34.417534,42.73419,-0.44410485,12.702268,2.9814868,7.967788,-5.972702,-22.995249,3.0200195,0.5231946,-2.394279
-144.15562,178.36047,-46.6499,47.158314,-21.770956,16.150082,-10.77532,-1.1204233,-1.4346243,-15.303167,0.8423006,-5.937832,-13.243427
-178.41563,190.6185,-30.65338,42.11771,-12.32283,26.819477,-8.682094,-4.443805,11.0496025,-20.099083,-1.132501,-4.69008,-24.628431
-181.21501,126.427216,-48.054337,52.952503,-11.416295,20.534443,2.1407495,3.101438,-4.0405235,-3.5713525,3.6590092,-2.5593228,-5.586334
-204.45398,148.64014,-40.16485,52.994473,-3.1721375,16.07147,-18.68558,9.34815,-9.136433,-7.163956,-2.2317033,-8.180567,-18.985
-233.82013,115.779816,-46.713387,81.83141,9.9513,42.58802,-9.854886,5.210663,-18.858978,-3.1932817,-1.1387547,-5.519516,-18.20605
-449.07736,101.763275,19.156578,47.826534,17.88007,29.313496,1.1964135,8.153213,-6.346658,-2.733667,0.6129343,0.75463957,-12.853588
-541.30286,54.567207,21.52731,47.215694,9.314968,24.84537,0.045019805,6.5753727,-1.6523473,3.4825928,-3.2383773,5.650757,-5.3211813
-232.78467,157.64975,-35.261833,64.31482,0.16203558,29.190184,-8.512049,5.161357,-6.105386,-10.4830265,0.54980266,-6.3538065,-9.434414
-311.0451,198.92792,-8.405098,28.252823,11.0175705,25.850485,-3.0384927,0.8288896,-12.640615,-9.211198,-1.4479305,3.8132129,-6.2919836
-208.50189,162.54153,-45.74395,41.153316,2.0581057,19.747465,-10.680026,4.3987846,-14.109726,-17.931622,3.4223528,-2.2479737,-4.450686
-278.32767,124.155304,-38.423485,46.43181,7.6097,24.656542,-3.7805605,5.24448,-16.4253,-11.384669,4.196125,-4.685709,-4.8621798
-291.14453,148.43338,-12.30632,46.584145,-1.3382738,22.460175,3.2740884,10.510221,-10.064856,-6.1751494,-8.027725,-3.0684848,-3.3792648
-297.26282,137.26804,-20.017128,33.65786,-12.898109,17.210331,1.6980965,9.749847,-9.538467,-18.040352,1.8042331,3.4395854,2.5032058
-440.4443,114.34979,19.458004,27.772625,-1.4953167,22.207756,4.8003483,12.473794,9.219175,5.74051,-2.2929356,4.938216,-0.09386468
-350.2326,160.40213,-3.7571077,29.832653,-13.031048,10.968252,-3.8283136,13.486908,5.0640697,-4.4462485,-8.554256,7.6625566,-4.4083123
-137.19542,175.0141,-54.816864,36.690502,-21.803764,24.898317,-9.487694,-0.76669705,-3.6432848,-13.813805,-5.1691093,0.106084704,-22.636192
-114.569595,170.66219,-49.60582,47.62947,-9.476713,22.87789,-11.523148,-3.7644439,-10.7752285,-16.93345,-6.082593,-3.2496529,-14.28773
-403.91385,113.385315,-14.615921,23.346752,-2.394493,13.416941,11.550217,8.150513,-1.5950856,-8.025948,-0.9287921,13.80419,0.5942538
-190.87483,141.82924,-33.33827,40.24713,21.276325,46.782516,-6.9997816,-15.044883,5.363233,-10.018262,1.225452,8.397228,-8.949974
-207.46419,160.9557,-32.077236,51.177822,-8.35635,31.233936,0.2642027,-8.092023,1.1074499,-8.941807,1.9074754,5.4982038,-8.659598
-248.374,191.3246,-6.19488,44.933086,11.221529,10.020635,6.037427,5.276097,8.222987,-6.509201,1.3787718,2.201701,-3.5235133
-233.54364,182.49574,-9.47727,50.037766,8.89141,19.90537,6.5190845,1.05107,15.106806,-5.5647345,3.492285,2.8732586,-13.009586
-213.94016,174.5179,-23.171902,47.962097,16.381596,31.706652,7.188341,-11.030453,8.3814,-18.339756,7.8290443,8.190367,-5.83162
-244.26585,176.30972,-14.380632,56.20356,3.0883996,14.975506,8.467437,-1.0933443,7.44495,-11.163579,0.58293295,-2.3713853,-11.671796
-264.35953,94.674194,-43.152596,48.78131,-7.6103525,14.621683,4.840439,-1.3266926,-0.4071824,-3.9837942,5.7408676,4.3434734,-2.9244127
-237.89133,148.79913,-21.19946,65.80286,8.935091,42.558136,-3.5493221,-24.91532,-8.43367,-7.7324424,9.556223,-9.378418,-7.8787174
-279.0763,190.15019,13.56696,56.378735,7.4730253,7.026204,1.5566407,5.282132,10.922949,-8.0567465,3.9305773,-3.3664923,-8.035913
-297.51962,192.02594,13.019209,40.082787,6.023317,14.985357,-3.2637277,6.81507,5.622099,-4.446805,0.46001458,0.6399637,-2.3793511
-251.66823,159.90933,-7.5157785,51.986244,13.649841,34.37474,1.2533464,4.712179,6.808238,-5.813881,0.7837367,-6.766324,-6.77979
-263.21103,151.8663,-17.474518,65.37634,31.166042,28.47219,10.537025,5.8056235,15.659107,-3.6701674,-2.1225057,-6.933339,-9.561699
-236.14726,181.447,-19.55316,38.42305,16.325027,24.848515,8.257114,-4.0933394,13.364307,-9.705651,-0.030819118,-2.024774,-2.8200264
-255.46982,148.95975,-15.276701,34.667267,3.3111906,14.342133,5.834981,-5.4842377,8.590708,-8.74912,-1.6479621,1.7135711,-4.029512
-198.91905,155.00601,-13.548602,55.662018,1.6850121,43.818275,-7.134782,-21.505219,8.945528,-9.721871,5.081453,4.095855,-5.745202
-198.32838,160.27429,-24.213982,58.834633,8.899527,34.1948,-4.9364038,-11.117725,7.185846,-11.911068,-0.7239211,-6.006772,-14.616859
-369.3963,121.68529,29.431875,38.333977,25.61541,27.007092,12.708889,7.463322,9.407547,2.9205306,-0.97822565,-7.0498657,-9.664425
-271.3261,128.71371,22.51389,57.35925,6.505887,16.769468,0.6891701,1.3103038,10.7741,-0.329107,-5.8189516,-2.3556733,-4.463273
-220.55327,155.93958,-15.794088,56.2403,13.201887,35.786438,2.5409923,0.6758803,10.410698,3.2843394,3.1190588,6.138588,-0.20343034
-315.95096,149.32312,-7.98062,63.690243,33.37828,36.45053,11.846231,4.025181,10.835779,0.67328054,3.519279,1.7690902,-5.8814173
-298.34583,126.72148,-12.193312,57.47957,2.2207613,38.665207,6.492571,0.8082739,1.352259,-6.5993066,8.546654,13.37216,-3.107732
-309.0552,107.79497,-41.539684,26.243404,11.052607,17.115612,9.206873,-5.796804,-7.4798546,-1.6208616,-0.55661845,-1.3999139,-6.0014486
-202.54234,157.48125,-18.993118,61.426643,7.441301,22.365887,13.973228,-4.8329453,1.2111716,-9.249357,0.20072925,-5.106344,-15.963039
-242.20427,147.90907,-5.9511013,57.213516,5.1126976,20.08757,9.3372555,6.9919605,17.632553,-6.732215,1.1498569,3.681355,-4.7453666
-358.73245,118.85274,7.6353292,29.307505,14.652414,13.709245,11.358098,5.1223555,6.0875387,-4.8063297,-4.3494906,-1.2793766,-4.06628
-283.90988,114.433685,-15.909983,70.3078,32.799072,25.515814,7.613651,3.3898506,14.806126,-5.2790585,-0.5345385,-5.387473,-12.505011
-261.38174,135.52438,-12.888247,60.579414,4.292078,25.642944,13.20709,-10.037828,-3.0728695,-14.22076,-0.5210248,-0.4292244,-12.507623
-260.30194,134.2314,-35.027046,61.633614,6.166023,13.618507,11.855883,-2.6788425,5.5207973,-12.963707,-1.2011507,0.5852715,-9.919956
-246.16646,108.55965,-66.21155,34.769875,-5.913621,9.761341,2.7453237,-18.562458,3.4677346,-14.491529,1.7475709,7.3416014,-5.848488
-191.1795,159.66357,-26.627752,36.011097,-0.030102134,32.802364,-6.9551563,-15.343489,5.3985553,-17.791391,3.3746839,2.4934835,-13.105557
-215.2517,154.29852,-29.687431,51.08493,-7.5408354,17.267212,-0.7662975,-3.0162401,4.944895,-14.079167,0.6641181,-5.3744,-8.732701
-227.49783,143.617,-42.97194,73.496185,27.047638,34.181812,-9.299065,-16.380367,14.988167,-12.648518,-6.245619,-7.2315164,-13.394512
-234.84369,166.84866,-24.259624,68.491516,8.248143,48.594704,0.27248573,-26.533249,5.092435,-15.323114,4.5756044,3.5408587,-7.3824587
-239.0768,142.63806,-17.849724,80.54851,18.247583,53.474922,-7.4781656,-24.574581,11.281948,-9.822303,-2.4578996,-1.7298532,-7.921051
-219.10951,171.7074,-35.050087,56.192936,24.542776,33.219254,1.1563488,-13.58988,9.989246,-10.930346,3.7850218,-1.9393506,-5.924982
-246.53905,130.62833,-31.123997,75.18762,37.054386,43.12297,-5.5688324,-5.407143,18.503628,-4.091875,-6.1141887,-15.276761,-9.699196
-218.97963,137.0187,-34.441887,68.40794,12.336079,39.169388,2.0915475,-5.424047,6.2489448,-7.112576,-2.364232,-3.517218,-11.90206
-240.18501,151.37332,-21.882633,65.97348,13.491774,29.699657,6.4594345,1.9653122,11.528137,-3.4116883,0.26000488,-6.4619265,-10.186103
-249.0417,154.10767,-24.78355,41.545113,5.056919,10.63253,4.265149,-12.981262,4.673891,-14.255466,-4.3609657,-6.4557304,-14.929174
-210.46365,166.47018,-14.972082,36.470207,11.421566,24.515667,6.517221,-2.074049,9.327383,-11.293583,-4.129304,-2.7652519,-12.251001
-272.9396,163.01643,-19.006237,51.789745,19.777729,33.36016,12.609793,-3.3743596,12.751844,-3.3711114,-2.9479055,-2.058451,-10.105465
-198.65918,175.18332,-22.800613,38.63495,1.6718984,31.369926,-2.2704015,1.0649276,4.1959457,-13.436059,6.3855133,-4.3296657,-13.922785
-359.55365,160.46265,-1.9220035,54.423477,1.9738936,6.8229427,-0.13157517,13.48778,11.262194,-3.6192193,-1.748312,12.5687065,-7.140353
-291.1318,138.53171,-7.4520807,35.505554,15.9792385,15.359674,3.4982128,-8.039097,0.8854803,-5.704649,-0.3650927,2.0095007,-3.655655
-238.48503,183.98431,-28.77628,57.025124,16.101742,30.276997,6.310527,-13.128719,0.9846736,-14.083079,0.34498608,4.3447156,-8.955042
-209.02399,149.048,-12.148514,74.69061,-15.025582,29.548367,2.4657395,8.770273,1.6331288,-4.0096745,0.4877174,-1.8799248,-6.4972258
-187.93037,162.61441,-38.513893,47.564484,-7.633892,21.628492,1.3857276,-12.531433,-3.5532014,-20.156374,6.859536,-0.3366924,-10.956072
-232.87984,169.17502,-9.906719,67.2668,20.012999,33.86812,-5.6524625,-9.92835,9.133081,-2.819031,-5.8879604,-13.387944,-8.516739
-251.62878,180.97552,-14.218927,49.303505,11.802567,20.567097,4.0874195,-2.8551214,0.5138619,-11.859333,-0.36094797,-6.17223,-13.749491
-297.13074,182.2013,-4.6267366,33.663055,25.686893,21.37798,11.300804,7.722186,7.5649576,-5.4797783,-1.2185178,0.06994039,-6.601223
-280.2235,137.64728,-47.47128,29.42585,1.7299774,17.906788,7.566126,-6.894722,6.5650425,-11.309698,5.9114256,14.001677,-4.614624
-256.2359,170.64102,-1.8939471,53.700783,10.490091,22.650837,-1.6573057,-2.3022242,10.191698,-4.9924726,-0.5969089,-10.401752,-10.112905
-277.3976,183.00415,-10.180781,46.396397,17.610666,22.298618,0.610631,-11.008045,-5.013941,-10.126549,3.2221968,2.1088753,-5.984315
-259.35367,175.53384,-7.6328526,41.394608,20.766533,26.067333,11.241259,-9.609945,6.7258997,-3.9460194,3.5036812,4.106151,-4.912632
-312.05927,113.899414,5.435906,76.45071,25.563227,49.76046,1.1060354,-9.7896805,12.19342,-2.273942,-0.0863567,1.4845469,-9.512719
-458.4625,88.03358,-1.4228953,8.636936,10.261257,19.436409,11.233251,2.0498712,3.7732737,-0.63329506,5.650985,12.170399,2.7695448
-268.05328,198.469,10.866356,34.77114,8.205305,21.973099,3.5156646,1.8936956,6.818327,-3.9158468,3.648047,-4.911656,-4.3321157
-203.15607,172.60696,-42.35109,55.463066,22.182674,27.327435,2.9582572,2.5814333,-3.6653118,-12.353371,3.386998,-7.423526,-7.6106806
-310.09973,166.94943,-14.318893,9.863779,11.464722,14.436476,4.6640205,0.7620572,-0.8523426,-9.956803,6.367135,3.8019009,-0.6140358
-211.90886,173.1026,-46.93659,47.769993,-23.551361,35.132492,-7.2501154,8.327545,-2.4627867,-10.317164,6.263914,0.37196565,-8.612234
-351.55048,118.0684,-13.917418,24.112347,-7.471637,14.105801,4.536037,-9.844443,2.4112356,-3.536378,10.664654,8.942257,-2.1416721
-260.8184,150.24168,-0.34505254,39.709793,10.325752,13.918375,9.9359455,3.6832135,-1.3708739,-5.166356,1.7163715,5.0353193,2.6537375
-223.29512,184.4017,-22.912277,35.029694,-11.120047,25.434128,10.283773,2.9034328,0.35151237,-2.901004,1.1743995,3.7449026,2.6240225
-174.95459,149.60718,-39.01275,66.04033,-4.5250006,41.222404,-9.963959,-7.998291,1.1686455,-3.7605276,1.9405156,-2.7271342,-19.620945
-173.99675,191.97574,-24.41136,35.889267,4.4614997,11.335789,0.33176696,4.4924684,9.353964,-15.748079,-5.6995945,1.4086108,-11.238159
-230.87108,155.832,-20.720482,58.731216,12.173183,18.290817,6.4746714,8.28614,11.553314,-11.114716,2.7297142,-2.8840556,-12.757315
-270.9398,139.19403,-10.536116,45.848843,3.0938623,0.22203213,3.016118,3.5871177,6.673403,-5.672347,6.5201793,6.295443,-6.892125
-210.75204,170.81006,-28.044552,58.877045,13.91018,25.804588,3.1463008,-2.1607347,7.46237,-16.058262,0.49316683,-4.7283125,-17.408398
-232.16351,166.01686,-17.302425,55.298027,16.212002,34.85203,6.0099,-4.528115,9.171591,-11.54739,-0.038713336,-1.83989,-13.935516
-247.4174,137.24835,-23.80717,44.639545,7.420745,21.006409,8.58963,-4.9818916,11.41441,-8.098204,9.182249,2.1244478,-4.72585
-278.9718,140.4325,-27.544468,60.927135,25.583672,26.102184,6.4864597,2.0815368,11.056849,-4.4794283,2.3082051,-2.849702,-12.075388
-246.28224,190.44882,-4.134868,44.212395,14.354727,40.21604,-0.37854156,-2.955665,10.187641,-9.873993,2.1974332,5.5032635,-7.8336287
-195.68312,167.03647,-54.357758,32.769516,-8.139674,23.365608,-5.600662,-5.4202256,9.411621,-24.858568,-11.460163,7.0649743,-10.500107
-256.93164,154.26892,-36.648315,50.520462,6.4559817,16.43705,1.4627974,4.7220497,17.16955,-13.171744,-1.0800277,7.6111917,-8.027699
-221.01575,196.35825,-58.629486,38.467697,1.3677452,25.84462,-0.8851068,-2.3561902,17.871315,-28.50744,-19.437256,12.512574,-3.1536188
-424.25906,155.76773,31.332859,45.324757,17.713257,6.7087536,-19.09969,4.3194704,10.785763,11.066914,-3.0169399,-7.415181,-12.591466
-403.36172,109.10745,-13.868807,62.786232,39.28217,16.000393,-6.561329,12.965317,-0.64039797,-13.908613,-7.373891,-4.6306224,-11.732595
-257.17944,183.30713,-28.020657,32.077408,-0.8219836,18.523964,-6.264372,-0.10900387,12.151381,-16.754814,-8.911055,4.2228637,-5.5238414
-277.7482,173.15054,-30.262873,55.608345,-6.0456705,23.834127,2.037486,5.241988,15.0502,-2.7030754,-0.929018,3.8561385,-4.5280466
-301.21213,157.40381,-16.225567,58.693874,4.950204,24.08385,6.975704,1.1340108,17.93478,-2.534595,2.3184314,5.498441,-9.355054
-268.5524,192.67981,-29.694107,34.51271,3.5116382,13.756224,-16.877022,-2.7708037,12.13542,-17.319042,-8.182529,7.8811636,-6.1469765
-283.1843,169.10928,-43.609177,51.401634,9.023476,35.588364,-5.7072926,-3.1003978,5.848874,-8.143726,2.1821299,3.7005506,-10.832342
-296.6946,201.10086,-18.744514,38.051857,2.5729694,8.861254,-17.358753,4.0318666,18.658463,-6.611117,-12.273896,11.904953,0.29592633
-292.0394,189.30333,-50.989517,31.824402,23.540775,17.299648,-21.88559,0.96808016,12.067331,-12.14385,-11.903049,8.543299,-6.5074906
-265.8863,211.69238,-38.291836,18.162247,9.643393,10.452883,-10.829527,9.713192,10.758448,-17.213366,-6.8667803,15.622788,0.61959285
-285.65854,185.40863,-34.43963,32.788567,25.991451,27.646938,-6.3941345,-0.05431032,7.6391935,-15.899387,-0.515252,9.987249,-13.295403
-326.87766,133.20584,-68.10333,24.182274,7.544321,11.194143,3.4929962,6.7552443,1.0381777,-4.6010795,-0.23227257,3.2608752,3.5572774
-241.1534,189.5217,-48.738255,45.355507,10.758359,30.418049,-7.979477,7.1837316,13.509676,-4.134166,2.1479738,-1.0385481,-7.942711
-286.69077,189.66,-48.189682,37.095505,21.202019,16.73227,0.75211453,3.710528,0.42516083,-8.964552,-3.6941757,2.6800344,-6.441319
-312.82205,184.08305,-13.718893,39.558464,27.838829,13.695384,-6.6124315,8.230401,3.2615824,-0.74442756,3.5177894,-0.20261884,-9.741222
-285.35504,148.31398,-37.858345,61.44011,24.615704,34.610382,3.3474584,-1.5296755,6.207428,-7.236852,-1.1163224,1.508635,-13.934017
-355.55237,138.20616,-7.143417,51.834156,7.71696,26.580078,3.0726879,6.65199,7.4902744,5.1058846,1.2455007,6.58603,-7.3454313
-308.36105,156.5791,-59.411774,70.17473,15.8250675,30.36594,10.567091,1.5190673,-2.8699229,-1.9414227,-1.6296374,8.479251,-13.32913
-271.49655,159.52191,-8.726642,40.019318,-11.407029,16.81563,7.48281,-1.9438531,16.16045,-6.8890495,9.163796,12.103826,-4.214554
-184.98811,155.22147,-27.321165,54.692192,6.4931116,30.335716,1.679027,-2.829303,8.011776,-11.59651,1.3526422,1.9949802,-7.563472
-205.90388,168.26419,-38.91872,68.496414,15.223131,30.45456,3.696282,-1.3031149,8.276198,-13.491167,-0.4640593,-2.433499,-14.8675785
-229.11555,177.95221,-13.378502,48.60286,8.947072,26.465626,9.417265,-1.6908343,14.878171,-10.159135,0.63085043,4.4078474,-14.315904
-221.70331,192.94342,-6.418007,52.78521,-5.8277426,27.750187,1.100304,4.144177,10.691479,-12.982326,-6.5237064,-1.311226,-3.1074808
-212.78065,161.15492,-38.112907,52.638077,-4.6992073,29.448277,3.8355415,-3.7980464,2.75017,-9.930681,5.1905403,8.301298,-5.0002494
-249.98119,125.16316,-37.05561,52.87372,3.9702606,23.261845,4.124645,-3.2905784,5.0295057,-10.06089,3.506597,6.187911,-6.9970818
-271.6817,152.72128,-6.4886894,77.17361,36.67833,42.018127,8.726109,-0.10242343,14.369388,-3.7786913,5.398855,-2.3802433,-16.388184
-284.35385,172.48758,6.6831875,49.471092,21.188446,36.51741,8.879071,-0.9144502,12.554889,-5.8169017,5.8329744,1.0262398,-9.481189
-260.3919,138.68214,-2.2886605,46.385246,-4.448541,6.9895973,6.06179,4.4993076,12.294233,-9.99684,-3.5123394,1.39626,-2.95508
-231.46306,147.09116,-22.703598,63.93307,17.597992,36.149956,10.8047085,4.0389194,2.388316,-3.8028111,3.255951,-0.024221756,-6.9908385
-307.4676,171.48549,-7.108432,51.186134,33.196022,30.288223,12.720346,3.4347525,8.572513,-0.117062576,5.7963915,2.4981732,-8.784845
-287.96002,161.18478,-6.4661827,49.523346,25.76937,27.982779,16.630852,14.248693,8.550884,-2.2351012,6.098465,1.6182578,-3.4877663
-266.57352,147.6066,-4.357753,49.441166,-10.909878,18.068172,3.683961,-1.6892693,15.024469,-0.021181326,2.0806122,1.161225,-0.5860858
-200.15355,124.917854,-29.553995,68.04735,13.633141,33.480484,0.7670043,-6.327423,5.6475725,-0.9621606,1.3077878,-3.953309,-13.669174
-229.67401,173.354,-15.431951,58.722855,8.533939,31.473745,6.226235,-6.328264,4.742491,-9.22459,1.6702745,-1.1381238,-10.603178
-300.83093,157.73592,22.146736,50.54579,14.65678,16.92413,12.72917,6.5766354,14.170736,-2.7229111,-2.1323419,4.7840953,-0.39632115
-266.9549,173.70065,-7.2029495,49.46926,16.450275,20.154552,6.9453316,1.1303633,12.175737,-3.5273857,4.072975,0.13254577,-7.77682
-274.74274,184.10674,-12.344127,45.280487,4.1073465,8.867025,9.347591,4.1072187,4.336657,-11.206886,1.7268488,4.7728214,-4.8464427
-180.16998,151.02826,-48.251434,50.392876,1.385695,26.521854,-0.21007782,-8.581083,1.1425618,-13.703478,1.7186853,1.9399774,-9.92267
-177.23227,187.58371,-38.713917,30.350788,1.4718833,24.808695,3.4827108,-1.8928368,11.095031,-13.327139,2.371671,3.8893652,0.26028866
-215.97615,145.05676,-16.592182,51.706024,9.613468,25.184772,4.5773783,4.73691,8.3558445,-9.2399645,4.03422,6.3561406,-3.8216252
-201.07715,161.17053,-28.86131,47.59939,7.4024568,37.807175,-7.349355,-7.2788143,5.5578613,-13.773386,5.517025,5.5170903,-6.493583
-199.08035,147.10812,-26.842384,57.34903,-2.228761,27.885262,1.0204424,-6.1348133,5.6848874,-10.466525,2.4008484,4.342476,-9.100935
-261.4247,186.59456,-17.83739,40.755997,19.883419,14.088279,9.266197,0.55470824,12.687037,-11.8284025,-8.468637,-3.9719367,-12.9880905
-226.23923,157.87677,-19.445303,61.997185,18.609463,24.745272,-0.8271818,-15.127073,4.0126705,-11.4368,-6.4343576,-8.648531,-17.024492
-278.592,142.04129,-7.217081,51.4806,7.9130483,32.45729,9.229944,2.6546624,8.642436,-4.93254,5.4268665,4.730872,-8.209328
-235.14023,150.09299,-12.244865,39.757004,8.731261,15.285578,1.8723142,-5.2693872,7.2021594,-10.707684,-2.2564516,-3.2738605,-13.585747
-201.2398,184.19595,-23.974983,39.879097,0.4564153,31.340729,-4.5469217,-1.3457398,3.7787445,-9.333547,4.0711985,4.750742,-5.934556
-226.63449,118.99619,-26.625298,43.323032,-3.6345859,16.387571,6.308749,3.5940423,5.4465733,-6.3850484,-1.3048729,3.2770166,-5.5891767
-194.00793,179.82947,-24.71423,25.18161,-16.405128,14.07143,-2.6648839,2.0545824,19.580769,-12.222021,-1.1677986,7.4129095,-3.3220015
-328.10458,168.85452,6.685499,34.182262,7.6002045,13.808987,9.456333,11.25798,12.212051,-9.311157,-3.7804441,3.5555186,-2.4068544
-175.39006,170.67282,-34.932236,64.716675,2.5791142,25.348797,2.4150164,-3.3957722,-2.6518123,-13.677832,4.595923,1.5669496,-13.176788
-230.09929,167.4368,-24.642609,57.24052,13.414486,30.3924,9.245201,-6.052059,8.663059,-0.5382596,2.989793,-7.2604837,-9.842778
-232.2355,112.181984,-52.81723,52.196865,-2.8865986,23.951004,4.7508564,-6.33075,2.3197021,-9.670494,5.132598,1.4622996,-10.556623
-181.49846,115.18558,-42.601967,82.6281,-13.800025,39.410988,0.8017616,-6.765318,6.2900352,1.7680514,1.3306676,-3.577732,-13.600752
-241.43277,178.52626,-27.286766,51.329132,10.725507,26.502605,1.3391676,-10.503616,5.697996,-15.953057,1.5610896,3.3015966,-7.897284
-256.0795,149.15152,-8.906576,61.618134,22.289227,29.664227,1.5655378,-6.337269,18.276722,0.77632546,-3.5287418,-17.55856,-11.2945385
-214.87639,127.00502,-29.422775,66.838745,3.154879,34.374825,2.3390393,0.49650002,5.932174,-0.82413757,3.3261778,1.3104545,-9.756478
-248.30797,172.45398,-22.93478,48.38282,-3.3067555,26.69629,4.8320704,-2.5502915,6.4889097,-3.6309295,3.9201913,0.773796,-6.9564047
-187.7368,111.90023,-46.815506,83.403824,-2.3770819,36.088024,4.1307116,5.9524264,-2.0230234,-7.9939523,3.88314,6.8836803,-12.203211
-234.64893,162.60162,-16.376143,55.385586,23.205078,31.026878,16.474184,-2.513317,3.5918465,-11.40143,-0.4723498,-0.33377868,-12.599876
-228.33289,142.25961,-28.654955,48.738365,24.175339,27.23088,2.9210424,-12.27739,2.7596717,-12.287079,1.2102506,4.6523514,-13.778065
-192.39941,113.88068,-37.72721,92.14818,22.113644,46.00961,-4.792742,-4.7736163,11.705162,-6.788361,1.1126895,-4.1402617,-20.127726
-185.50159,159.24417,-22.617073,40.26901,-1.4782681,24.464546,0.62389886,-9.409672,6.045379,-10.335016,5.140324,0.29486406,-4.954007
-209.23396,156.59607,-21.962046,61.902847,10.674059,50.8117,0.58735967,-11.923552,4.9463177,-7.2944803,-7.157009,-6.083968,-12.383118
-247.43623,144.50298,-15.711281,56.919918,-2.5642283,40.209656,3.2985947,-5.676011,1.4423366,-9.532231,0.3522232,0.34539196,-10.360195
-243.85757,152.55199,6.6330748,60.808067,2.7190082,49.59758,16.629852,-4.6818132,8.511551,-6.9790106,0.42853498,-5.6527042,-1.1895928
-181.4866,167.11127,-30.660748,54.247234,-18.432028,37.852463,-3.7561374,-5.1764646,-0.77310276,-10.505316,-1.9965125,1.6765985,-10.196072
-183.53154,158.31387,-25.46288,55.60742,1.5405608,34.0047,0.000885129,-13.193485,4.030384,-12.953191,-1.3978851,-5.3958673,-9.067445
-185.01526,158.28516,-21.069323,38.099632,-10.491835,22.763847,-2.8230858,-11.540207,7.8796644,-11.93594,-3.143448,-3.2222304,-5.222469
-215.80438,177.81302,-5.3482876,52.554153,2.246303,17.928291,-7.4346113,-6.02907,13.559746,-10.160885,-3.1900306,-1.4450645,-8.474827
-209.24568,160.23206,-37.555546,55.078674,17.27566,28.017689,-3.0183833,-8.89002,4.6136227,-16.28546,1.3442304,-3.917224,-8.827941
-225.6034,118.485855,-32.579712,62.356697,22.29057,33.435883,-1.7010593,-10.485075,10.645361,-4.0863886,1.4426188,-3.1486714,-9.682046
-205.09981,158.58105,-17.680464,59.238266,12.5461445,31.546965,0.38063625,-10.487806,5.8176823,-11.9908,-1.810865,0.3874159,-10.612755
-221.07846,185.13367,-15.156326,47.481247,9.123633,38.709755,4.1475444,-4.0712233,7.169188,-7.2375274,-1.2035078,-7.180786,-8.312328
-208.78462,169.14365,-15.151485,57.979958,-1.6167042,35.122025,-0.6680261,-0.8462498,10.434434,-10.584095,2.3037074,-1.3609699,-5.533326
-242.9828,115.96478,-16.756454,84.21356,10.911486,40.438633,14.660697,-1.2264884,7.8096523,3.6297312,11.106319,-0.39281204,-8.672466
-158.11937,168.67783,-40.29223,35.341694,-13.311761,15.867919,-2.95357,-9.864874,2.472639,-15.4473095,1.5236526,3.471036,-1.9096456
-175.191,171.71562,-38.08531,48.11924,-6.3271036,29.048496,1.2467045,-6.156664,3.1836576,-11.180031,0.8955366,4.4212413,-9.160637
-231.8686,147.68051,-34.907394,58.117973,-2.1889336,18.950546,2.0361867,-4.8244195,7.8916173,-5.407628,1.1846576,-2.194563,-10.041218
-192.11787,135.64247,-25.321394,49.829254,13.503754,30.349915,-1.39256,-3.5035126,-0.092903465,-10.471885,-2.9917874,-1.3068914,-10.384996
-194.65817,145.53954,-40.35176,52.1567,9.47053,26.68731,-8.496849,-10.906622,12.282821,-15.305226,-7.9866905,-2.6113126,-8.560288
-206.83823,160.92722,-47.101204,52.862076,27.748882,29.044426,-5.2459927,-9.03691,6.3546057,-14.896557,-9.7487755,-14.626487,-16.80719
-193.08736,175.28473,-29.57396,50.30905,8.071494,27.868734,-0.31309533,-4.405881,12.957785,-18.338581,-3.0321183,-2.678912,-10.264439
-195.7726,171.8733,-36.27099,43.679794,-9.885998,29.288683,-2.1890843,-5.3502746,1.1155849,-13.197775,4.707366,2.359153,-1.4146564
-204.90439,163.17905,-40.662064,54.39334,15.338014,27.796383,-1.3840119,-14.786321,4.2975264,-12.987286,3.8082678,-0.897856,-12.137465
-186.99672,136.50543,-33.302,43.02494,-7.6914845,18.882544,1.5918162,-8.096706,2.137125,-6.5569835,-0.3076908,-3.311898,-11.178148
-172.7497,157.78183,-43.32035,53.3496,13.550142,35.746063,-7.8499403,-15.860588,-2.5679495,-18.235271,1.8092182,-4.11434,-16.270891
-200.12898,166.61986,-36.710167,57.518433,8.685097,27.607552,3.8230271,-4.475068,4.7172546,-16.500565,3.699121,4.106638,-10.437883
-206.28632,160.83423,-37.566208,74.74718,26.532867,34.658627,4.798725,0.32409638,10.152423,-6.4591084,2.1223366,3.716711,-15.080257
-201.96082,154.64157,-40.748978,39.229904,4.406267,27.145477,3.8035789,-6.6208167,8.898106,-13.531091,5.0430794,10.038427,-3.308375
-195.8428,174.53998,-34.483147,56.41734,12.440798,35.39998,-2.735596,-17.549452,3.63966,-15.871568,-2.3105679,-5.8749743,-12.559871
-247.67548,147.97195,-30.258144,47.340126,3.6475825,27.1484,3.81573,-3.9298856,10.523436,-10.951442,8.588968,3.1910448,-2.8287036
-202.41043,166.94357,-31.396942,50.6688,-6.4366837,31.400345,-11.151772,-14.773765,8.206886,-14.674597,6.736827,7.450554,-4.2419195
-213.34189,153.74837,-29.947369,70.85226,12.562129,52.188515,-14.018485,-23.32528,14.549707,-18.904236,2.3195648,5.2824984,-13.275768
-232.95625,154.44547,-17.703115,74.75471,37.130146,28.573029,-4.239125,-5.8417754,20.112988,-9.511389,-1.4598212,-8.72685,-13.99897
-212.37842,122.16019,-46.671913,58.494514,21.00978,24.70428,-10.0841875,-15.623435,9.448081,-9.532957,-7.470562,-15.632816,-11.831982
-223.0612,195.2816,-6.4535327,40.540447,-8.689577,-7.942771,-9.954981,-3.1972558,14.788411,-10.485489,-9.187418,-9.135706,-10.484865
-185.56207,161.29031,-28.039017,33.92238,-18.311056,18.479969,-7.13122,-3.5149968,8.8179865,-8.163025,-10.045917,-6.0050745,-9.137017
-170.0703,183.3822,-46.487022,43.178352,-10.298758,32.213593,-16.601017,-19.144413,1.0812067,-27.070387,1.6496642,2.5253227,-13.336823
-171.76607,179.2327,-38.15699,51.019997,-12.259529,20.27335,-7.6999297,0.6061398,9.428884,-16.451862,-5.0576572,-0.4026395,-11.209679
-176.87807,162.8129,-38.51909,53.115738,0.97413003,32.56908,-7.300763,-7.642642,0.5968151,-19.538609,-2.9222844,2.191849,-6.7410994
-212.34842,148.7273,-49.74032,50.639984,-2.3635461,20.78344,-4.6169014,-14.004715,4.025812,-14.260296,7.3113513,3.6274195,-9.769377
-161.05641,147.45755,-33.335587,63.107162,9.571392,25.54192,-5.5646605,-10.178629,6.8472457,-12.119638,-5.390371,-4.338455,-12.83592
-186.64589,163.81491,-27.759836,42.7257,3.3838744,27.680965,3.0292773,1.5888029,4.5923586,-9.0771675,-8.702088,-2.5145917,-9.478446
-196.4178,129.63919,-50.086475,48.91493,-7.412106,21.455784,1.8196094,-2.3771038,6.9738483,-7.60264,8.317623,10.332525,-7.1726637
-272.19714,155.37376,8.576625,50.511955,7.6923895,9.858992,7.9988832,4.534238,14.35589,-5.5681086,0.19520247,5.0449452,-9.903567
-157.41336,168.10742,-49.682842,41.477493,-1.3897502,37.952187,-15.79372,-5.721486,-0.6056152,-12.895182,0.82620937,0.51027936,-4.8024626
-134.09782,194.99585,-55.65147,45.42047,-11.474339,22.891537,-13.592777,-4.0373363,-1.0623603,-18.408104,-4.375542,3.5605304,-8.945389
-223.4612,127.89667,-15.897616,63.787575,-15.784984,46.877914,-13.113313,-0.12229623,5.3412952,-7.1814704,1.9325083,-2.0737107,-22.495377
-242.55295,195.38477,-26.229143,29.22279,12.328917,26.07016,0.27040976,2.2311687,10.465819,-10.930093,-8.533219,-0.8632461,-3.9554756
-250.78116,199.48438,-19.458557,34.451767,21.138088,12.470991,-2.8231025,9.508173,14.4631,-15.874975,-3.107627,6.76599,-1.4042783
-277.38058,177.68915,-30.203331,35.51224,20.097013,22.320507,-2.347742,1.006048,18.315147,-8.425524,-6.156643,0.51324344,-5.082679
-350.4609,128.99481,0.16394798,37.029793,21.517246,21.822544,9.276854,2.1388478,5.859928,-0.57342803,-2.0413587,3.8687782,-4.447066
-337.57016,136.29004,0.11039135,34.47888,6.3745093,18.84374,1.3045402,13.03387,18.290016,-6.976739,-2.1667628,5.2555056,-6.783855
-294.56134,185.02701,-3.1601548,29.135641,19.518131,17.84402,-0.6391717,6.9259596,11.077045,-11.464041,-4.293879,6.2485332,3.009002
-242.59624,151.27422,-35.35305,47.868347,31.29298,30.409533,7.8751597,1.3448808,14.670886,-11.420191,0.6319571,2.4677653,-5.468275
-262.7603,125.081375,-29.815512,67.92076,33.279324,29.193785,0.8678342,2.0655265,21.934895,-2.5852249,7.7714663,0.6494452,-13.282775
-256.67688,165.62085,-34.60211,59.558388,41.08773,28.666578,-1.9291346,2.464304,23.61171,-10.869919,-0.053703666,-1.8750327,-10.717888
-274.9883,128.62608,-21.343266,53.63197,32.234554,29.657269,-9.740078,3.7176752,17.672787,-11.663376,-1.3078427,1.3186458,-9.86954
-253.99501,188.72644,-33.713364,47.742943,14.759116,31.578094,-0.38768896,-2.78354,12.190496,-15.370785,-2.993859,2.664858,-6.4256496
-287.5639,127.94826,-31.400091,71.22749,28.043627,38.690155,1.8906218,1.179081,18.150646,-3.8794465,4.8728123,-3.9003806,-19.327389
-294.6392,190.37537,-18.77333,31.561066,39.629,29.338797,-5.6645093,0.15829879,17.585804,-6.959359,-0.014726199,3.634972,-13.555557
-274.97708,169.38808,-36.983887,42.64171,15.685429,40.987267,1.5005887,-6.650085,5.0246396,-9.938599,1.8168138,3.8318634,-5.6736355
-330.85117,155.23438,-13.037168,23.109463,19.418976,13.556904,5.1164665,9.279525,4.9036937,-6.6628,3.5615292,10.952347,0.24667352
-210.91074,172.21832,-15.695989,36.687714,12.596944,20.196835,9.38866,-5.9211044,2.303426,-10.785072,-3.939655,0.613634,-10.121982
-221.83636,171.24248,-44.708946,61.786274,17.191547,22.787546,5.220254,-5.8268366,12.711425,-4.464739,5.2499743,3.6460326,-0.6921507
-253.665,132.24059,-43.914146,57.357277,21.249615,31.27833,11.041306,-9.908335,8.0189905,-2.768839,6.8616123,4.3528666,-12.295652
-190.92444,179.74237,-35.095963,49.978355,-8.294149,32.734478,5.599083,-10.246851,5.572906,-10.713659,16.204279,17.486696,4.268807
-238.64491,171.40143,-12.657528,62.44057,-3.07394,25.44845,14.066587,-3.379524,6.3594093,-11.081057,-1.5186498,6.828915,-4.8587275
-289.79904,204.1534,22.492058,50.427498,12.001784,-1.9788558,1.7611921,7.025982,17.412636,-3.4922957,1.4210804,5.7357955,-8.032178
-412.75604,116.78959,-8.839907,34.704987,4.442937,13.916952,5.837176,7.824527,1.6808408,1.500185,3.4199617,-0.8722079,-7.7311316
-282.7186,176.27524,-3.41985,35.475662,16.900295,20.265732,-0.5962085,4.728799,21.917099,-9.180977,2.9167154,7.7535906,-6.405017
-220.42732,127.521286,-27.13815,66.32397,14.365919,37.302513,16.459541,-1.4962277,12.292713,-5.6852045,3.0385053,-1.0212897,-10.575487
-201.03407,176.78796,-48.606064,63.805275,27.607155,32.006424,2.5113707,3.7380476,14.629004,-11.051535,0.96223474,-2.7604384,-9.42237
-208.36295,171.92963,-32.429733,45.484467,14.902813,29.322784,4.9079623,-5.5384893,3.0463305,-18.096798,-6.979764,0.77504504,-11.259011
-245.92432,146.66362,-41.10933,68.997955,36.897797,31.94685,7.5041213,-7.2429276,9.624758,-7.0297313,3.0661654,-6.46764,-20.67471
-220.97287,186.30258,-23.428541,25.89906,-2.2824817,12.754963,8.151275,-3.894153,5.6895914,-12.690844,0.22847986,8.42037,-2.558479
-217.31242,123.65018,-46.82826,66.09705,13.38233,31.76866,10.813186,-4.89624,6.619815,-1.5326443,2.0343885,1.4080473,-10.705548
-227.46298,187.54343,-21.263504,41.755875,0.67155826,30.413738,12.484325,-3.2749257,7.416299,-10.146135,0.96436524,1.8155805,-6.494465
-190.29095,160.09293,-30.20942,53.46626,-2.274092,29.500946,7.863803,-11.665234,1.5080042,-11.218262,-4.2757072,-6.776352,-6.063816
-209.7592,151.52805,-45.674515,58.92851,16.526512,28.793114,9.5248165,-8.887671,7.4514728,-10.034992,-3.1523557,-7.3624063,-15.898678
-222.15285,159.20541,-28.788757,65.55344,12.24353,28.234552,2.1240726,1.4327322,5.5469193,-14.466068,1.6698655,-2.699916,-11.786467
-227.9776,155.24591,-30.917583,52.944817,-12.887893,15.876465,7.098969,-1.8012152,10.317738,-8.18707,4.528085,0.46272314,-10.14389
-252.7571,162.18457,-12.873217,37.007874,0.3122034,8.042715,1.420721,-4.069586,12.05915,-0.119463086,3.92771,-0.5477529,-6.586344
-190.72902,158.57503,-36.021477,61.384766,19.938662,17.11938,5.7292514,-9.15188,9.569385,-5.353891,-4.850582,-8.308491,-15.756329
-191.94867,176.446,-26.629982,51.539574,-5.673626,31.014095,-5.846962,0.39711326,1.6443428,-15.478058,-7.287096,-5.3174562,-6.3768163
-229.74933,129.13707,-53.313828,58.992413,4.339496,16.701279,-1.0198109,-5.9494715,7.461524,-7.745511,-2.1611674,-5.3442163,-12.886308
-192.13933,143.05524,-26.762985,46.76998,-5.6223845,23.377605,-7.516941,-11.34948,7.667608,-14.693584,-6.622514,-3.3215556,-14.240623
-283.89407,146.08112,-25.838673,40.446106,23.037582,17.102255,14.094828,-6.8788066,4.1555843,-5.6825304,-6.254751,-3.9241595,-6.6841345
-216.03658,161.30026,-49.705597,31.542313,-4.591903,23.394817,-0.27327943,-9.052664,4.5941567,-15.228895,1.3735596,0.9538307,-3.1983726
-239.45491,139.6516,-46.441708,77.72007,25.320087,23.518827,0.9292183,-19.830988,5.4196477,-10.528791,1.3627918,-2.1625276,-16.53498
-288.99023,149.86743,-45.698868,41.098255,16.762802,23.465027,10.590958,-8.528985,2.26718,-0.8459716,3.638411,0.8196374,-8.311936
-211.41426,170.85437,-23.50848,45.732834,1.1854435,4.1330624,3.4477777,-3.0036938,8.830307,-10.179547,-1.1087908,-2.7506356,-15.865473
-185.49887,172.74562,-46.06495,30.902328,-9.643065,13.476267,-1.5051504,-0.21405488,12.936417,-17.113415,-5.202139,-4.2388563,-12.002998
-295.88986,150.80948,-3.3400393,51.700058,16.627832,31.878338,6.649962,3.6622653,6.43203,-8.281217,-5.8387833,-8.760384,-15.209571
-211.59152,158.21457,-38.029327,64.86943,35.202057,25.773928,-1.8665121,-7.935198,12.283408,-15.271034,-2.3934813,-4.9174232,-18.841293
-197.5745,141.68466,-52.42384,53.855675,11.959249,16.789198,-7.178816,-11.645058,12.286784,-11.386141,3.9526424,3.4186232,-12.865931
-194.49506,161.12013,-43.980904,53.9414,23.99704,24.204617,-6.1349525,-12.527504,6.493538,-13.307707,-5.470977,-5.7156267,-19.300083
-213.99039,137.61491,-33.817368,71.11344,23.567379,30.127686,-0.8192524,-5.414453,5.518324,-5.910254,-1.6784834,-8.117311,-15.347869
-195.40826,134.12024,-58.96791,60.948288,20.862988,23.648924,-6.18554,-8.148264,6.4827085,-4.984853,2.8425894,2.3029046,-8.674374
-160.99997,162.77113,-39.221935,45.50612,-17.165577,22.23653,-4.23918,-3.4024446,-0.095066905,-13.6016445,-1.6196405,-0.8967284,-6.3876514
-188.83932,161.50034,-9.344231,36.126648,-8.4341135,28.314135,-1.8927174,-6.4868565,8.995707,-0.24472928,3.5964437,0.82838124,1.015052
-105.32668,179.4224,-66.02887,17.371387,-34.467274,2.8633983,-23.58464,6.2933064,9.37203,2.6690507,-11.386519,11.740488,-6.7465897
-126.16504,203.1394,-38.12054,48.774155,-15.3175745,12.284119,-20.641891,1.5269728,8.968746,-8.322221,-12.007241,9.057262,-14.203914
-163.30367,179.11838,-48.681572,42.506542,-0.50272477,27.294346,-1.25113,-14.168127,8.516531,-16.93142,-3.0335145,1.4391955,-9.528142
-246.5233,142.25873,-36.657047,41.54763,3.8971517,30.783745,4.0517316,-3.401289,12.670385,-9.354519,-0.68337566,1.9357076,-8.362308
-270.10925,190.75308,-27.294579,34.218414,52.44216,25.216139,-4.5784454,2.828935,11.437628,-13.006677,3.5072756,0.23902482,-23.277863
-299.1365,153.86887,-31.376053,51.11657,38.73803,29.565742,0.4731464,3.7240562,9.982563,-3.9485033,3.272717,-2.5429714,-13.538197
-145.51295,162.93225,-54.605152,46.53815,-13.186209,36.387627,-10.326325,-7.53928,-11.014275,-15.049233,1.2072004,1.2676289,-19.540524
-114.905876,173.17682,-62.246872,51.524475,-12.4993725,35.580853,-11.8496,-10.338425,-4.0724783,-17.788326,-3.7319026,3.5093613,-16.924128
-212.80988,177.34859,-17.62608,27.120459,8.447882,17.986069,4.456576,-8.255945,10.676859,-11.795616,-5.9842377,-1.3407912,-6.2948465
-119.35273,168.03882,-52.288177,41.24281,-22.130732,21.97513,-14.391018,-1.9558759,-4.5285683,-14.062744,-4.9706383,-7.7444806,-20.63827
-103.24808,185.71336,-61.064087,41.717583,-17.074905,23.718666,-18.782894,-1.30489,-0.2971568,-23.855206,-11.448719,8.468722,-10.0181465
-100.12175,179.72107,-46.75389,50.65527,-27.642204,9.587593,-21.09232,0.19076046,4.834407,-1.5140629,-16.159351,-0.6882439,-18.158867
-97.40486,168.36911,-64.17927,57.127495,-17.361225,20.631126,-19.014471,5.700165,-6.373762,-13.037715,-4.410756,-6.9705057,-15.7542515
-158.01117,164.99265,-59.136475,59.797554,0.82568365,25.729675,-10.101777,-2.9861202,-8.116243,-15.196956,-0.07625759,-2.954533,-10.905834
-194.48396,185.49701,-36.85883,51.222595,-1.311473,15.460431,-7.9508553,0.92129546,-13.534372,-21.94154,5.632786,2.4975116,3.7435184
-132.96935,182.77397,-70.41388,57.052044,9.174836,23.945713,-11.53944,-7.0170527,5.6481533,-16.051838,-2.9667442,11.059361,-5.4391026
-217.84343,190.42207,-53.94101,47.238403,2.328803,14.770142,-16.901043,1.6635139,17.161283,-25.164698,-9.597354,10.069317,-1.3189701
-222.76492,190.51059,-54.766945,43.606606,19.454842,30.887726,-15.565237,-5.2487936,15.460107,-22.920189,1.097566,2.4508455,-15.500011
-279.16092,192.6633,-33.512978,26.713787,34.42818,16.083517,-9.584543,3.9354048,20.143467,-8.68442,-0.9261739,2.363501,-13.059415
-247.56413,196.27246,-51.107334,30.502966,27.542858,17.58879,-11.041208,4.5268216,14.562281,-22.630135,0.28779283,4.489317,-7.5219593
-250.96011,203.25586,-41.20374,27.824085,23.12082,11.467901,-6.373006,6.815564,17.007832,-20.361336,0.8742811,10.619558,-2.1043217
-258.8052,156.25371,-45.66487,68.76317,53.09505,35.220093,-4.4825153,3.3176522,15.48407,-13.405034,4.993126,2.015867,-22.146164
-355.15417,145.69754,-16.215528,52.99968,32.3797,28.615238,-0.84617555,12.895819,12.174471,-8.463788,-5.214076,4.210718,-6.520014
-458.25043,121.83911,16.85601,41.87758,7.792839,14.7192745,9.925507,16.102222,6.9742317,1.2138361,-7.1607757,1.4025239,-5.132299
-204.39558,148.68198,-18.174,32.20601,10.082177,19.302395,5.637161,1.7126055,0.7666421,-7.6355057,-0.6079016,-2.987194,-10.494249
-159.09372,145.71666,-32.832134,62.60809,4.593253,35.901455,-0.36050087,-0.9641871,-15.797335,-11.480652,-0.3670445,-13.569666,-18.512947
-99.82803,159.75636,-56.19033,53.23945,-13.491447,18.592278,-12.2837,-1.6312302,-4.0101385,-16.030022,-8.778189,-5.009192,-13.2915
-135.06718,159.20319,-59.437935,40.237762,6.0594625,21.666176,-13.462825,-8.392607,7.785126,-14.037985,-2.9017544,0.69267964,-10.459939
-172.26901,161.86597,-42.217667,63.07115,-0.19856536,29.869175,-9.51991,-4.20287,5.0979824,-13.345989,-4.864347,-1.6226782,-18.347633
-152.11876,173.63657,-39.973515,50.609253,-5.51684,30.969719,1.0472612,-8.2365265,-3.5809717,-10.178371,-4.0093913,4.084689,-7.426886
-140.90552,146.55139,-54.247086,50.775517,6.9308133,30.627432,-2.446087,-11.214288,0.89316344,-6.8556848,2.2964072,-3.079415,-11.828299
-168.60599,175.49416,-26.905636,36.418053,-10.856632,30.214378,1.5448151,-5.289136,7.6366873,-10.364354,1.3829304,0.8570094,-5.8810754
-174.49916,189.15839,-40.842545,37.7248,4.3260326,27.028076,-3.6076984,-13.731054,3.8031049,-15.9188795,-0.1757999,-1.0153501,-7.556919
-189.51688,148.49915,-48.682457,45.811512,13.440899,22.603561,-0.5476278,-9.236862,10.759106,-6.431859,2.3826737,-5.5405283,-7.026451
-204.27928,168.15312,-19.965534,58.4874,0.024934232,29.775894,7.628745,-0.7986297,7.677528,-6.53789,-2.8887403,-2.7804217,-8.73755
-193.81549,143.65392,-34.6201,78.510666,8.908912,32.201157,8.264832,-5.3134956,1.2312013,-2.5966644,1.7072514,-0.83383715,-11.092161
-244.38373,162.94481,-8.085698,52.6279,8.321585,19.98058,10.397877,7.428626,11.195078,-6.347273,-4.742584,2.7169416,-5.18388
-132.29721,150.19238,-61.16519,57.984245,-3.7157078,23.66058,-11.248544,5.3366776,4.947549,-9.80755,5.153596,5.8258533,-6.830687
-244.23596,166.20383,-27.849588,49.861324,20.294804,21.897148,-3.3900795,-11.749504,16.185799,-10.500395,-1.0852526,-2.4886756,-14.124728
-216.23419,172.84677,-38.233696,40.78344,8.603189,25.460693,10.976675,-5.2293634,5.8069677,-14.232233,3.0762296,1.3700014,-4.612467
-294.50156,184.90958,18.824394,31.714651,10.782635,11.675611,10.7491,0.9698752,4.5009375,-1.7569289,-0.73531383,2.0910716,-1.3179386
-264.22934,149.72522,-21.843006,49.168427,11.667301,30.739975,4.2083616,-1.0879605,2.6620975,-17.165947,6.261879,5.1619844,-2.1151295
-127.41171,167.70016,-48.438026,62.523537,-0.81972086,35.34278,-3.3976192,-5.7570677,3.5336192,-14.519513,-4.5997887,8.815144,-2.5650752
-236.30386,152.62762,-31.033943,66.08406,24.68741,29.473267,17.725166,-2.5915458,11.177322,-11.237057,2.0909734,4.536236,-7.5113654
-289.37976,158.30118,-26.545393,25.777603,9.432726,6.7219825,9.764841,3.396117,7.2247252,-9.962097,2.4425418,16.050148,-0.9768011
-223.49327,172.97989,-65.81739,48.62248,2.9977753,21.624722,-1.6092303,-4.6570177,11.761852,-14.2100315,-6.799449,4.34589,-9.7794075
-149.98505,155.71695,-56.840458,64.556854,5.0872207,25.1596,9.441547,-5.2913914,5.5888867,-19.530954,-0.115664124,5.9453936,-12.222048
-234.20767,159.42297,-35.041466,64.52376,22.340584,31.768951,7.2070065,-4.3770566,11.47444,-12.041586,0.7240261,7.3845215,-6.865369
-228.47453,175.29022,-65.69594,49.10607,19.610096,31.893147,-17.011099,-5.347643,11.371202,-24.90099,2.8232527,6.8180714,-10.966703
-226.4846,196.96912,-48.001434,30.397757,-4.15869,24.367167,-12.364752,-2.1164806,11.301394,-10.185676,-0.5765553,9.675201,-5.6201863
-216.09421,178.59932,-57.250816,49.466812,-12.914478,25.423649,-5.693998,4.8183136,9.461098,-8.799002,0.38278943,7.3827257,-3.9638946
-145.18594,179.42831,-61.023376,49.853844,-12.022282,21.90475,-17.949377,1.195916,6.8393097,-16.144472,-3.495692,2.750263,-5.6595364
-126.782745,177.7464,-39.153107,54.344433,-16.573551,21.240866,-11.791116,3.0693047,3.0577567,-21.70057,-4.3650193,0.38335264,-18.780005
-151.49759,165.457,-23.511162,52.806366,-1.325556,19.46819,-5.992001,12.550799,-0.8248268,-14.647009,-0.22599319,-1.8634353,-19.240936
-143.79678,158.22836,-39.618073,57.5905,-4.81107,27.62902,-1.8236383,7.2883134,-2.7189732,-20.739721,-0.6582941,3.772019,-24.631254
-165.30908,165.36371,-48.974045,64.239044,-0.27711967,27.68794,-5.057241,9.768245,-7.6704116,-16.824265,5.1250706,3.6372828,-19.904087
-175.4453,179.11938,-27.663744,50.726387,-8.030355,34.33283,-1.0646948,4.097048,-8.876182,-18.500797,-3.1841612,2.5208864,-22.816498
-163.65552,167.3385,-43.63378,53.90723,-14.160098,25.99173,-0.36875024,2.1470652,-3.9375882,-7.3685484,8.496956,5.4114656,-6.039479
-161.61172,141.69632,-54.956913,76.93286,11.580914,27.526398,-8.128044,2.8453658,-3.2714982,-12.692011,4.1855073,1.2862134,-18.317205
-204.11894,133.2865,-59.287903,64.08447,26.74995,22.184692,-7.6352034,-4.115155,-2.3839014,-22.603115,11.185783,-7.0145106,-20.93134
-199.33899,148.74756,-50.024796,47.42531,29.29207,24.483559,-17.859142,6.260648,19.84378,-14.388065,4.5629005,-5.6531553,-24.405746
-168.2782,193.49014,-32.36216,21.011581,-25.484615,23.680582,-16.540218,-4.5156293,3.3865504,-12.960218,6.4363284,3.8055477,-2.9407105
-150.45256,197.68182,-43.154648,29.586876,-20.548466,19.170029,-10.374663,-1.7400205,10.929047,-16.124905,3.0513754,3.635377,-15.414476
-189.54613,161.357,-41.78006,63.06272,8.257837,32.106544,-13.884144,-4.708817,9.740145,-6.9271874,3.554081,-4.339937,-20.457144
-290.0274,92.89484,-35.78814,64.886536,0.8610806,21.990274,-10.565235,-12.41428,9.758952,-6.7831154,7.4808636,-1.183039,-17.253403
-170.769,142.30075,-55.325645,74.01041,14.246054,34.7854,-20.47683,-7.909851,-1.8050096,-12.099861,-6.9612823,-7.63543,-19.194103
-197.54109,183.21664,-32.95321,44.937023,2.9840522,22.270021,-16.299047,-3.766029,12.066732,-16.197481,-1.1325521,-1.7254543,-22.886282
-246.39235,127.83123,-47.921074,73.069496,26.979736,35.878002,-11.554707,-1.0909935,8.143257,-19.444582,1.6697015,-2.0892377,-16.40913
-179.51868,149.08727,-33.61352,64.61163,-27.009678,31.754612,-7.2748766,2.4630914,2.842307,-9.788481,-2.4136753,-1.8662134,-12.70561
-261.01086,135.72787,-48.498184,58.657406,3.8293111,20.987087,-10.351438,-9.084318,11.738981,-10.875223,1.3227189,-6.6018295,-21.044771
-166.26807,156.17648,-44.386986,34.683037,-34.90548,13.6977005,-10.142156,-4.0050135,4.275558,-12.379906,1.1421031,-1.5498025,-4.669324
-174.08861,201.57254,-58.798775,58.565544,-3.2621734,28.671381,-1.0053942,-22.350193,-0.45642105,-33.05278,0.36522305,5.037399,-1.7745782
-219.83226,117.12881,-45.028732,68.61055,11.803145,40.844387,-11.674405,-7.330473,2.4390607,5.6551027,4.015793,0.621814,-15.156071
-277.29642,92.77536,-64.68136,63.495804,-10.541941,28.140514,-20.166607,-6.490798,4.388049,-4.627286,5.5860233,-6.3938103,-13.886283
