0,1,2,3,4,5,6,7,8,9,10,11,12
-257.83853,161.97513,-58.480312,8.374135,-5.820479,5.4593315,-10.38484,-21.045094,-14.40099,-17.19106,-0.6276399,-14.995901,-5.361171
-275.868,182.64217,-48.25506,1.8955303,8.585484,12.207447,-9.950861,-8.052959,-4.124831,-22.042843,-11.047349,-10.926125,-7.6704626
-346.28906,209.83429,-26.771389,-12.350851,13.566688,-21.685566,-42.676247,-8.018667,13.11727,-7.1795597,-15.688009,-13.058153,-8.965504
-482.0518,135.88083,23.820654,17.921984,15.628666,8.958466,-14.899071,-2.760076,4.7654004,-2.142195,-10.428463,-21.979744,-13.615397
-237.28828,204.3161,-70.1243,-11.597116,-6.03839,12.695133,-15.774429,-17.346142,-1.722245,-11.568398,-8.096289,-6.6268764,8.301605
-310.59595,182.03314,-47.15313,12.42371,15.8567505,11.128237,-9.673098,-11.366076,-8.740299,-21.435736,2.1532545,-10.58156,-7.3348093
-385.03983,159.29039,-3.264603,3.9624434,4.175836,4.047078,-10.608555,1.5359318,3.6447904,-4.0577793,4.4419346,0.04076775,1.0047078
-425.0593,161.74158,-37.762825,24.016281,20.00287,37.31492,-7.6497316,-14.301125,-13.287323,-9.401248,-0.43180054,-17.204931,1.3372667
-286.629,185.0307,-42.249527,12.044824,25.409224,18.745747,-22.31614,-14.434538,-0.44457453,-17.524908,-15.99938,-12.294073,-6.0403194
-306.1924,185.13385,-33.254284,19.005215,29.939043,23.302849,-10.443079,-12.849291,3.3609328,-12.055962,-9.799042,-13.459378,-2.9225392
-273.0732,206.2783,-56.357254,3.1196065,14.074688,15.721489,-17.558947,-14.992474,-7.8815694,-22.86361,-9.383747,-17.602509,-5.5188684
-377.40036,83.2708,-72.15818,2.2263973,13.427324,-1.9380479,-9.362399,-10.307631,-5.211997,-3.331451,-1.3508947,-5.5062504,-3.0407643
-268.1565,158.35117,-66.02049,32.014893,5.3127375,25.222904,-20.896729,-10.37875,4.8939834,-17.003525,-1.709887,-20.078638,-7.077465
-285.59024,206.62206,-43.717976,3.8546329,9.552446,-13.545273,-23.559048,-2.1955702,9.748962,-10.242485,-12.977659,-17.971436,-11.076851
-272.9043,144.53198,-59.50557,41.36704,14.510822,11.392142,-15.127899,-13.942772,3.6720672,-12.43914,1.5101811,-21.386765,-16.344414
-447.90228,92.92295,-84.813705,44.464012,11.478195,6.6381006,-10.856614,-14.434517,-5.363426,-2.0704637,17.425495,-14.7983,-5.988472
-234.23877,190.07468,-41.48295,-0.018378854,-18.056803,9.6479225,-18.298397,-13.345808,-10.659069,-22.904263,0.69173396,-14.747299,1.2794354
-320.26904,165.18216,6.2752876,-1.5082195,8.602028,7.802708,-6.6201305,-4.3603373,-3.1956835,-2.1071048,4.734277,-7.003536,-0.84972024
-332.5504,96.81197,-39.611908,33.47455,9.449355,-3.30297,-14.770769,-19.63684,-10.047713,-13.375847,-7.672798,-14.564049,-7.385379
-311.41043,133.30487,-42.228283,28.793797,2.9901686,4.560732,-20.095121,-19.826397,-14.835451,-12.938153,-9.562641,-32.52691,-18.333698
-265.4802,153.59357,-36.764168,29.719086,-9.545468,5.901004,-22.249298,-17.904255,-14.266417,-21.937534,-4.8900113,-22.533707,-11.987656
-283.5593,180.0297,-40.378586,7.5966983,8.944239,-5.185342,-23.175407,-20.185886,-10.509704,-12.4203615,-7.2832794,-25.138382,-7.7677884
-318.37253,145.84105,-47.08053,26.634903,22.729994,4.4779186,-25.204319,-24.712492,-13.558428,-13.2489605,-7.7218018,-26.195,-15.835731
-321.98108,134.51227,-48.931183,28.90981,28.186735,13.462479,-28.697105,-20.494408,-17.982908,-22.335196,-1.5102293,-20.775295,-15.711799
-319.09897,140.09976,-29.943325,45.510952,-4.24049,6.060231,-15.169411,-7.893628,-0.3526439,-18.776678,-0.2251538,-24.792542,-12.67773
-384.38293,60.8713,-76.08026,27.063122,4.1353273,-2.9314165,-5.444687,-11.287279,-7.142947,-10.457035,4.576397,-4.596929,2.3951168
-589.31006,0.58056,0.0,0.0,-0.34475112,-0.33965117,-0.19637501,0.0,0.1435126,0.0,0.0,0.0,-0.04288263
-311.80713,127.6458,-36.42891,42.30883,-10.455248,-3.1219652,-20.065216,-13.880133,-5.946287,-13.628696,-10.845431,-26.368824,-11.919327
-296.82428,161.09012,-29.162735,26.284927,-8.174304,12.596416,-5.022567,-4.9004745,-5.5053563,-6.711357,1.0805674,-17.898987,-1.7032375
-321.39954,123.05809,-47.533676,30.863949,26.53291,8.817057,-21.111492,-22.74921,-16.536125,-16.050003,-9.093321,-24.077618,-11.033686
-282.26547,111.31406,-63.18189,39.28489,6.5090194,9.916224,-21.592602,-18.753042,-19.317776,-12.559784,-8.501458,-29.23827,-12.857156
-465.47244,84.21028,4.876874,2.7476377,0.75756395,-5.950679,-0.05099516,0.0,-5.125559,0.18116444,0.13718885,-2.6503263,-1.8241807
-267.23795,95.51666,-53.693336,50.733196,-18.847685,17.554201,-23.710396,-1.9584875,-4.0390015,-13.880568,-2.8111365,-23.547092,-4.1722326
-339.43127,142.00095,-17.019228,37.83031,16.41872,5.858366,-8.6840925,-13.406525,-18.460451,-10.162096,-4.22322,-23.147667,-13.161475
-283.32095,182.12424,-30.912315,37.948242,-12.688013,3.032044,-11.409264,-6.1765122,-18.01084,-12.665564,5.7419257,-17.297749,-1.3793843
-353.3564,127.29562,-29.259712,14.714055,-6.4995475,-2.540772,-10.034765,-7.543055,-1.8702219,-5.6420946,-6.9601316,-21.541294,0.88453174
-320.59656,164.51556,-7.190385,8.272859,0.31701624,-4.202158,-15.566967,-22.722513,-13.575683,-14.501232,-13.81991,-22.794994,-8.356139
-360.72467,138.38286,-13.448378,41.80228,17.160759,9.250565,-10.622558,-12.679217,-13.042898,-7.2167416,0.443093,-20.018602,-9.3307905
-364.56372,136.38612,-6.8141775,40.41632,25.737587,10.327105,-5.9670897,-13.4063015,-17.514984,-10.919994,0.11740035,-21.4085,-11.064698
-541.5845,64.074165,10.76274,30.143822,11.071289,12.481398,1.0026615,-1.7834842,-2.8299317,-2.401813,0.65455943,-9.321358,-3.046278
-325.92758,128.07063,-20.890629,30.056599,28.078192,0.96253383,-2.618029,-12.128817,-14.788343,-10.588774,-13.723972,-23.506191,-13.53952
-345.3158,147.57196,-30.414814,58.00274,41.35313,7.5298815,-20.328192,-14.827829,-12.023714,-15.9860115,-2.5654888,-23.137306,-13.609449
-370.30902,152.07379,-27.664452,38.56501,38.738297,9.802427,-18.017517,-17.809238,-12.78709,-12.386843,4.609773,-10.984474,-5.84947
-308.48276,149.42598,-28.691978,13.691364,16.897762,0.27511144,-10.8464775,-16.505493,-18.527828,-13.441678,2.3607125,-20.16888,-12.969538
-323.15952,186.55496,-28.356735,8.497752,4.908588,1.5843436,-9.7488365,-12.710502,-12.602567,-6.0209637,-4.05902,-21.69158,-6.9156704
-357.89502,178.55344,-19.012564,21.544106,9.192263,0.5605768,-23.410011,-1.8978904,-6.142366,-7.139338,0.53544295,-24.439665,0.49771065
-276.52008,199.63287,-44.59617,22.506454,-6.288211,2.1652582,-23.876715,1.9553651,-12.285221,-15.631815,5.5767117,-19.659922,0.031751454
-376.0503,58.651756,-62.533493,22.36749,11.672174,-3.7725997,-6.7001696,-9.815206,-12.8545685,-5.9988794,7.582866,-10.5595,-2.443379
-297.05814,110.41937,-17.867584,16.436422,-3.858908,-0.78152454,-7.6799035,-11.620098,-6.0542364,-10.836864,-10.790127,-20.196795,-9.469437
-568.443,48.84829,9.312805,26.190672,7.5171657,4.2707067,0.9823763,1.1205322,-1.1106752,1.3171741,4.178319,-8.589748,-0.5086838
-322.0043,103.482666,-30.332914,26.623888,2.5627046,-0.05127432,-5.676321,-7.197276,-9.324185,-6.634371,0.30107462,-16.720133,-8.29628
-314.97015,162.6278,-2.043134,22.948112,-3.4462976,0.61122346,-15.370003,-11.112867,-7.635475,-11.083775,-4.8163424,-21.94051,-12.49913
-297.54346,162.6218,-28.536507,12.108105,-0.2619865,-5.4992566,-17.445816,-9.57559,-16.678982,-14.682686,-9.948357,-27.380981,-9.687309
-335.1724,115.9691,-40.651573,66.282394,41.980366,27.007164,-20.447798,-14.404556,-3.368825,-13.527216,-1.5503179,-27.42233,-1.5855767
-281.4555,167.53812,-36.34357,25.78899,2.7799907,9.307768,-26.32594,-10.7232685,-10.574629,-14.98045,4.6135974,-19.757027,5.3172297
-296.94016,148.03467,-40.777363,42.4946,5.4093285,10.95445,-15.098415,-11.7616825,-10.01367,-10.937071,-0.43279043,-15.815234,-2.8891253
-322.17212,162.38779,-33.79491,31.978807,30.603418,8.169512,-19.029633,-12.218159,-17.001999,-17.532047,4.3356357,-20.819807,-11.452963
-292.87946,197.06192,-43.82778,3.322259,20.589626,18.059341,-16.145096,-7.9787197,-15.640753,-23.564617,1.7291666,-22.661148,-14.811407
-305.14127,143.48697,-25.056694,26.222816,25.559448,10.248136,-9.110215,-14.708368,-14.10652,-7.0447702,3.0459316,-15.973337,-11.134092
-320.4411,119.34134,-40.09089,33.528866,-9.057426,-1.7996963,-9.104225,-0.7106997,-8.9948,-6.6401377,3.2793508,-8.756858,2.4598656
-500.7385,50.215782,0.04460562,0.0,-0.9585185,-1.0025285,-0.29067236,0.33709753,-3.4112983,0.36272654,0.7438271,-0.91618115,-0.7019861
-285.87833,138.00058,-25.35059,26.284447,-3.054801,-10.305252,-12.043917,-9.681612,-8.8847685,-11.938448,-6.747204,-29.02775,-13.300437
-319.32745,158.15218,-9.861822,19.647053,6.954736,5.1087484,-20.810331,-19.218113,-16.933828,-20.429197,-6.9207263,-28.17456,-19.427588
-398.6449,134.21523,2.0646257,39.363464,16.99479,8.76367,-3.053852,-20.743713,-16.672043,-7.537553,-0.8928084,-24.228752,-13.539776
-332.67133,98.47671,-19.986006,37.774727,21.267056,15.339971,-16.533474,-11.503019,-6.5663624,-15.128357,-9.220791,-25.845167,-15.636426
-288.71448,163.47792,-29.703556,45.427456,-9.966214,7.7521114,-10.787525,-2.0633337,-14.431591,-10.905707,-1.6693705,-21.081007,3.6651125
-524.24774,42.647682,14.979782,4.2332034,6.9113655,2.4663546,0.12911543,-0.9697653,-2.1121197,-5.148242,-1.0672511,-8.932406,-10.307957
-320.7322,146.38203,-20.857166,23.778513,-25.992622,-0.04030752,-5.0816355,-2.467421,-3.2582037,-15.945381,-11.285,-28.783169,-6.5262146
-330.37454,164.93896,-1.9910831,11.570974,-8.772026,2.3036509,-13.59617,-6.766754,-3.9883146,-14.020569,-7.2617197,-24.5624,-4.29027
-384.77087,106.42583,-7.5685897,75.27631,20.411102,17.624104,-8.819853,-12.400708,-5.7223845,-1.561306,0.8967067,-27.912296,-7.2116327
-298.29318,173.98514,-36.82989,33.388077,9.919083,16.086147,-14.605516,-10.105571,-7.240322,-16.052584,1.7135406,-21.482653,-5.026193
-294.63736,139.53485,-56.811012,40.05899,11.728577,5.6246514,-7.9561253,-21.227676,-17.196606,-16.476645,-0.59820527,-12.0096245,-8.110812
-462.86172,144.68236,5.482973,34.55667,1.5120575,-3.683879,1.6272967,-5.886945,-11.300972,4.042074,-1.3197883,-16.085402,-10.36931
-553.7716,0.11609484,0.0,0.0,0.0,0.0,-0.04838554,0.0,0.0,0.0,0.0,0.0,-0.058926694
-337.9178,162.29938,-8.325752,24.015106,-5.2154646,-16.949959,-15.406189,-8.927902,-8.658464,-14.863649,-6.6770024,-26.87262,-6.8704553
-336.2708,154.36954,10.635382,40.551033,6.4478493,-13.445959,0.605043,-2.5482857,-12.464076,-3.140423,-7.13397,-26.890743,-11.435371
-406.0825,115.00755,6.007063,59.235405,9.605032,8.397264,2.1097322,-7.0199947,-11.527453,-5.533505,1.8903394,-16.931435,-4.3581924
-374.17462,127.69835,12.510756,48.99083,6.760834,-3.925331,-4.700381,-6.7734966,6.949098,3.6128497,0.5653254,-9.286907,-4.7734404
-310.4779,160.26003,-15.12843,32.285614,2.0932546,-8.478275,-5.1244984,-14.693584,-9.316392,-11.053954,-8.60741,-20.461761,-9.523375
-338.69803,150.40323,-37.371323,46.06181,3.7396533,11.582564,-6.7090425,-8.454502,0.26346567,0.5239015,3.3015838,-13.605945,-0.027326025
-301.04178,101.47868,-21.852772,37.65071,-8.185655,2.2328258,-6.406859,-8.362005,-2.5716,-16.755774,-7.822825,-13.258519,-3.7571468
-336.98083,134.82141,-29.512749,57.843056,22.212383,-0.26816654,-13.578586,-12.859262,-4.87041,-6.32454,-1.8900442,-27.527363,-17.02431
-330.96094,147.9884,-5.658455,32.414112,9.900982,3.0808253,-12.29847,-18.376827,-6.4384212,-8.711956,-11.20043,-27.609322,-16.268078
-335.50455,164.09105,-15.931692,27.851837,11.444733,15.513836,-10.30246,-10.303193,-11.491797,-10.376579,-1.3371572,-19.813606,-5.751985
-309.1429,162.91357,-3.4629622,21.375574,6.825975,3.781254,-6.9753323,-7.815985,-4.372293,-10.868717,-9.928144,-19.756725,-10.236195
-277.80954,167.36328,-22.115004,23.435204,1.1707479,22.036617,-0.91452,-16.08873,-21.256325,-19.10102,2.7602384,-19.537209,-1.2695456
-569.58325,67.3656,-5.795472,11.213048,4.2402687,6.945382,5.0604706,-8.734112,0.059474662,4.897858,3.0892797,-2.4921079,-1.8934128
-229.96265,138.73434,-57.974304,30.774607,0.49797064,12.151644,-20.830412,-30.307438,-15.327234,-11.967697,-12.453596,-24.282034,-5.4690332
-265.01855,195.56177,-59.79792,13.031501,-2.3059306,15.058072,-15.810181,-20.75335,-12.35681,-25.191858,2.4256842,-17.832697,-7.3659997
-261.30652,167.46176,-45.373512,27.845417,23.251492,22.618462,-23.460135,-22.37051,-21.190033,-17.610945,3.903028,-17.13564,-11.627941
-370.6018,121.99661,-10.303587,25.896128,14.717625,8.716005,-3.376364,-13.270313,-5.375537,-1.6838913,-1.0521358,-20.042252,-11.8318615
-803.752,93.54895,-16.492346,9.044607,-15.818383,0.33860892,0.9235096,7.4046288,6.2948303,2.4425898,3.97143,-2.057448,-0.1772598
-286.50134,156.71916,-22.588318,10.124783,-7.928439,0.78825897,-15.229948,-17.088816,-12.020178,-14.771702,-5.758276,-18.315458,-4.4015565
-372.91635,148.65329,-30.251415,53.30062,62.032974,11.008255,-26.283567,-7.0619173,-16.166409,-11.779916,3.5343933,-22.821423,-6.823557
-332.47632,224.26193,-36.689228,0.4417441,19.731739,-9.390814,-1.7760446,10.558528,-33.18026,-23.443491,10.121458,-14.594126,0.4595623
-328.41803,138.40189,-4.8367405,34.662598,20.049591,13.083345,-13.766005,-10.876937,-16.034286,-10.177839,3.6910522,-24.46017,-15.283655
-320.19186,183.2132,-52.66401,26.919292,11.133808,10.06765,-4.9948425,3.383423,-12.475838,-18.87407,3.4111881,-10.062124,3.256911
-310.02274,146.25475,-28.022942,33.645164,3.189709,5.824663,-20.691334,-13.792002,-6.8444123,-11.894034,-4.306427,-23.034687,-7.166395
-377.52234,155.59833,39.76293,40.61896,7.55715,-10.68128,-9.812956,-1.8827364,-1.1243024,-1.9296308,0.63479584,-13.37627,-2.2932425
-288.0122,165.40085,-35.663696,22.113358,20.442875,5.0599794,-4.3947086,-6.1941814,-20.389244,-16.732899,5.221476,-7.921663,-3.6554565
-297.00797,140.18948,-47.510803,43.752396,34.16687,12.975231,-15.809627,-21.722036,-13.188345,-15.294525,-9.022375,-27.935081,-11.744492
-370.56848,107.68593,-28.892328,59.99323,27.298393,16.331755,-9.81201,-4.6075377,-5.5471992,-10.600071,2.2550373,-20.196186,-6.030466
-384.15695,95.973236,-13.020661,73.842064,64.51432,18.421019,-22.767607,-1.091216,-7.021529,-11.641605,1.4656013,-28.649313,-20.185028
-318.30957,125.114655,-19.615477,77.616196,39.134583,28.95345,-23.452393,-10.8785715,-8.53134,-15.751335,4.141479,-23.303576,-8.597574
-291.76797,150.60468,-40.587948,50.36315,24.815762,14.107349,-17.462633,-16.11206,-14.844925,-15.922687,0.76325166,-18.928696,-6.7761345
-367.1433,161.95972,-26.752422,53.735847,9.755254,8.790752,-9.133345,5.6428394,-15.278141,-17.86485,-1.1209718,-16.86601,-2.4747868
-327.44217,107.51306,-34.975792,42.23363,29.294504,12.234217,-7.647638,-6.263708,-10.340387,-11.145424,-0.16051531,-13.664008,-6.594736
-430.09827,64.15485,0.8185494,37.418987,7.1339765,7.5294757,1.1800485,-1.9860259,4.1601176,-3.3376393,-1.4986479,-11.829983,-5.1254287
-425.8641,127.84006,1.1305126,16.549,-1.9788857,-0.04221706,-0.20461553,-9.663089,-13.038277,-15.09568,-1.0648199,-18.282566,-7.8525295
-351.7386,107.39533,5.719747,12.616682,-29.293633,-10.495287,-13.213745,-14.47847,0.72081,-4.554161,-9.132727,-17.64149,-2.8951607
-564.44653,12.065344,0.006931305,1.4235711,-3.3610861,-1.3950512,-0.5320268,0.46734184,0.98825336,0.1378736,-0.14468808,-1.4373081,-1.364975
-295.38992,142.39096,-32.9768,57.38623,15.331894,7.350691,-11.239431,-17.16605,-8.137495,-9.784861,-1.7565491,-23.711922,-14.130463
-362.25674,159.48491,27.361853,58.668205,15.1336975,-9.560307,-30.240036,-10.830395,-9.824827,-10.980835,-2.432833,-11.676201,-5.5310097
-298.2067,166.4715,-30.246077,56.538406,1.7608539,6.420911,-10.84943,-10.520215,-13.703561,-19.096989,2.1896129,-19.91085,-2.3743117
-330.5082,180.2702,-24.925354,42.289085,16.096468,3.2074256,-10.627163,0.3057234,-13.688277,-11.454483,4.161851,-16.919365,-4.609209
-363.3206,141.47588,-51.95381,44.035126,24.125675,20.439564,-13.911636,-14.10344,-8.010976,-10.298693,7.7599993,-19.38833,-6.5764513
-327.5622,206.1188,-12.268831,11.821118,-3.4061613,2.3071043,-6.7268844,5.6935825,-15.521311,-11.494841,10.113853,-14.86171,-4.160132
-335.76013,111.78547,-34.75762,22.748896,24.214928,8.050413,-9.94632,-14.045694,-13.991458,-8.62364,-0.79648495,-9.876936,-3.4010935
-308.16495,123.34305,-40.730156,56.413025,18.49005,11.096161,-16.215622,-19.445133,-15.291809,-14.116508,-7.150094,-23.565214,-5.7950478
-300.2181,149.73358,-46.086456,58.074223,37.609367,7.308811,-24.533825,-22.271067,-14.531516,-15.789256,-4.361704,-26.642147,-14.540762
-336.35764,148.1529,-9.091244,50.915115,10.631443,-2.56423,-14.40984,-4.7155375,-5.1125813,-9.674553,-3.1126878,-16.854912,-12.735797
-351.53302,172.22733,-26.814896,39.02514,29.249825,1.955454,-13.744276,-9.546753,-17.267107,-14.82217,9.046691,-21.985096,-15.899914
-354.9297,163.62042,3.3310459,51.059803,3.5663896,-4.5753007,-6.733048,-1.5328553,-11.402443,-10.933839,7.6838684,-19.200918,-14.568752
-296.8734,184.08755,-35.698997,11.462866,7.169819,8.477444,-0.8902438,-14.293663,-12.252207,-10.222141,-3.4884217,-18.993908,-11.738117
-225.95322,156.75269,-48.344284,2.7247844,-1.3911805,-5.815741,-5.749942,-9.406131,-16.57469,-18.510967,-3.7164273,-11.893299,-1.4779503
-263.78378,143.33902,-53.274384,21.69038,-14.17515,1.118247,-18.419754,-21.565525,-14.474461,-17.906712,-7.8740416,-24.189268,-10.539727
-332.4405,175.69208,-2.9045267,11.996263,-0.77144504,3.1087723,-0.8297047,-14.43816,-20.126175,-12.622347,-6.6627684,-18.931812,-18.119911
-257.2033,156.0538,-35.041035,0.93499196,-23.000957,-2.5604022,-2.0803056,-0.51785076,-9.520706,-12.382872,-11.234202,-18.017265,-1.067817
-309.15973,152.76332,-70.73253,20.88073,-5.3802958,2.8941545,-24.766998,-11.287978,-0.6387094,-19.667732,-15.927277,-24.730804,-3.242448
-258.39352,145.37527,-57.502594,37.145226,4.6248927,7.6717057,-14.106981,-5.184165,6.65193,-18.082947,-14.895329,-19.48639,-4.8937054
-238.99529,181.04103,-59.378693,20.122131,-7.9418917,1.5413363,-22.281914,-12.651559,0.4088012,-13.6942005,-6.2470207,-17.397171,-2.8963103
-291.38794,171.68655,-22.970638,-1.7532156,-8.190096,1.7665982,-9.3799,-24.253654,-13.917683,-10.723024,-13.485905,-22.524124,-9.613615
-303.3032,152.7998,-45.90875,27.672567,2.0139508,6.1991825,-2.4715254,-16.115105,-16.465565,-14.321598,4.8709807,-16.618536,-4.578614
-272.06943,176.15527,-49.215126,12.989214,42.786964,12.298746,-31.258743,-28.181725,-24.145031,-18.791965,1.3410821,-10.538668,-11.827816
-335.86816,143.36938,-4.9415417,23.471878,-10.775608,12.082388,-9.936743,-12.503799,-8.378544,-5.1318436,-10.7926445,-21.36961,-8.549877
-315.8723,172.56055,-35.77591,14.04143,16.160404,13.5224695,-6.1833725,-14.846695,-20.129654,-14.614761,-2.5505636,-15.29537,-12.396166
-298.7598,129.61894,-28.166763,11.700912,12.632577,-1.0311244,-24.764174,-26.184763,-8.487179,-3.4382086,-23.970179,-27.521013,-9.621797
-288.6752,166.26474,-27.932262,40.769577,1.1020032,17.084463,-12.706465,-15.214273,-28.720676,-19.681171,6.408452,-24.735088,-6.6642923
-304.0244,169.69135,-16.304375,25.20853,-5.952021,8.339283,-9.84483,-11.827194,-11.186977,-19.826748,-11.723032,-23.536865,-7.818756
-311.77167,181.16345,-21.600231,21.324196,3.033589,12.4473,-7.112334,-18.716192,-15.049578,-8.229789,-3.2961562,-27.182934,-8.72781
-323.12894,77.1859,-32.423626,30.411407,18.694794,8.742376,-7.0085235,-13.948828,-5.3495483,-5.9162045,1.4214016,-16.893658,-2.5877051
-293.3766,152.40472,-7.045411,24.678516,-17.940306,-6.930949,-7.862175,-20.23611,-16.901968,-16.446808,-14.174519,-27.74631,-8.631448
-324.62064,181.1896,0.58837706,9.055185,-13.10122,-11.326764,-9.838847,-15.012589,-13.093336,-7.032052,-8.022877,-30.961391,-7.041291
-303.4699,178.79205,-21.263588,15.384186,-33.230537,-2.095312,-7.9380684,-0.47906542,-5.5950136,-1.2531002,0.7347598,-19.721266,3.6141887
-373.0118,131.64554,-50.323944,33.58769,21.421062,21.026098,-12.036475,-12.79458,-19.081854,-9.923146,18.653723,-15.480499,-0.9895259
-411.90118,194.64954,-0.065722406,23.604269,22.854713,20.424355,2.8157184,4.535824,-32.00042,-13.397742,21.779455,-19.465122,-6.7663455
-336.9669,146.49265,-19.786634,62.279034,12.986332,25.57798,-8.59349,-6.1718216,-9.407608,-7.935406,6.295414,-19.441418,-1.3212388
-316.6888,168.51825,-19.185415,16.289034,-6.6093664,5.799862,-23.467058,-21.539572,-12.842644,-15.27643,-4.911033,-19.798698,-1.4044642
-316.87558,160.18361,-23.670752,20.292164,30.044336,2.1761005,-17.232388,-13.359825,-14.870453,-17.774578,0.75870645,-16.516197,-15.691649
-308.40262,124.39189,-37.464973,47.18021,9.790215,18.38943,-17.375557,-8.385244,-13.199333,-8.407789,6.942331,-22.591457,-5.6420527
-332.2763,165.96066,-6.736001,21.928703,18.379803,15.459101,-0.41081393,-14.74379,-22.220772,-12.313078,0.96685326,-23.806206,-8.150834
-344.50876,127.57292,-6.963667,47.756653,2.3746703,6.367465,-10.82058,-11.106072,-1.2040669,-13.492138,-0.15787496,-21.406284,-11.922979
-355.53433,179.09525,-42.0859,32.937073,2.551188,3.511067,-17.256748,-10.941309,-14.868286,-7.346997,4.124764,-17.919666,-3.9838293
-274.8065,171.23323,-40.966152,22.56923,8.719001,8.984159,-15.512504,-14.6020565,-14.820131,-20.366043,0.3186571,-13.6511345,-1.6875913
-392.8967,147.35214,-28.30806,20.061665,7.938383,8.981703,-6.461948,-1.2422789,-15.594729,-3.5048962,10.930933,-11.839654,-0.18380404
-442.56424,68.731,-1.9117341,19.217728,5.8402963,7.6919074,4.341297,4.5606546,3.734952,1.6953017,3.5951724,-1.5066788,-0.51087797
-332.59802,137.50436,-48.253426,24.271652,1.2558687,-8.43623,-15.3083935,-12.463842,-10.604153,-11.952878,-4.0760007,-24.670822,-9.72224
-310.8635,192.02821,-17.80988,20.817947,-22.430504,-1.164003,-10.502359,-8.155358,-9.3334465,-10.919796,-3.6680365,-25.973598,-7.80624
-276.69528,155.62924,-25.590189,32.20762,10.606115,10.891735,-6.6621222,-6.6449413,-11.704325,-12.122358,-4.655177,-15.282142,-1.4061213
-332.71408,145.76984,-33.781887,66.33276,24.78347,23.407251,-11.168142,-13.584688,-15.908283,-17.150328,6.335429,-14.704657,-5.3874855
-351.19427,188.16017,-57.559975,13.575941,14.422476,8.699156,-1.9097991,-9.561062,-16.30717,-7.4323072,10.350153,-5.602399,0.8492888
-296.7984,219.06633,-50.953224,14.143217,19.796604,18.223309,-16.492895,-6.6273975,-34.434616,-28.288137,23.326275,-17.60133,-5.0415273
-308.17767,137.05338,-16.280514,46.975014,31.968132,16.981447,-7.3323817,-0.7574526,-10.77002,-13.29217,1.5975246,-26.48792,-16.68935
-330.6967,193.1125,-7.1861167,25.237667,11.302443,12.093559,-1.9901128,-4.5602407,-21.03775,-20.869392,-2.28745,-24.646332,-12.644596
-424.87485,186.45386,28.688755,39.644527,9.74102,-13.377894,-8.923357,-0.5535362,-14.007124,-5.015373,5.7621584,-23.174109,-8.839436
-334.29498,116.12404,-37.521812,16.698177,12.942984,13.405388,-27.391727,-17.512547,-6.5997877,-7.488839,1.5839485,-15.623787,0.4444427
-377.58093,181.2746,5.204506,18.629347,36.640236,14.823975,-1.173823,-7.9180994,-23.251907,-9.728338,3.542216,-25.768547,-17.947187
-327.38736,168.82114,-23.610561,56.986107,-13.241659,-2.4430923,-9.936231,3.6635237,-7.0418024,-11.254576,5.4585543,-16.617458,-2.515637
-374.5141,149.26227,9.115601,19.06618,5.7536554,0.4277103,-14.509461,-13.20437,0.23658916,-1.3381366,0.07887399,-13.074859,-3.6151795
-364.78085,176.18039,-12.364466,38.64485,29.126617,20.991161,-18.93125,-17.99741,-19.932842,-15.938706,8.773118,-20.105064,-10.22879
-343.56836,167.34605,-5.2879696,41.139153,18.138073,-3.7469087,-7.4223065,4.7040825,-8.189245,-12.3701935,-1.002432,-20.507017,-7.769851
-326.05133,148.88316,1.8196054,39.41159,-8.336547,-3.6476927,-4.796978,-9.270557,-3.6022983,-10.286247,-5.246804,-22.549213,-9.069988
-345.10953,172.73276,-25.999838,22.26905,16.927757,10.281033,-13.541041,-16.360613,-11.706908,-17.787224,-1.187524,-17.07727,-4.3159556
-302.45923,143.20987,-17.823727,37.85852,-3.7089295,1.6008631,-7.3427935,-2.3633242,3.04379,-10.458285,-10.978123,-23.54705,-15.441182
-320.52393,132.80376,-31.776928,65.83958,22.413965,15.91231,-14.12578,-4.8974733,-7.635921,-8.702776,3.6422215,-24.093056,-13.535208
-333.25616,169.90198,-14.213964,35.892006,35.71562,12.207802,-29.031033,-15.276117,-16.774792,-13.356393,7.059047,-17.674606,-13.497147
-363.9876,138.82373,29.38062,37.846565,19.168262,-1.3322484,-9.637375,-3.824248,-8.295129,-4.8427267,-4.063373,-17.125183,-7.743711
-361.78473,165.19897,-10.794985,28.58709,24.4374,17.793934,-9.626958,-10.565691,-14.657662,-10.870595,-1.3245014,-18.90268,-7.521839
-311.54437,157.67773,-32.068428,39.508736,10.198558,11.02496,-6.4096336,-10.224107,-9.638518,-14.183096,-3.1335397,-22.4123,-9.376793
-320.3491,168.4769,-22.848711,23.548054,8.363325,0.9538945,-5.2454042,-1.5967631,-12.29405,-9.96863,-3.5440652,-24.730965,-8.013958
-344.33295,134.23213,-23.02486,21.013733,9.426441,7.1979237,-10.395715,-6.441904,-13.709164,-11.684001,4.875121,-17.530457,-6.8979096
-298.33575,173.4779,-3.5931497,15.62108,15.7055,7.3115835,-19.59997,-11.846123,-11.810154,-14.388569,0.608526,-22.338463,-15.690273
-376.32306,143.51215,-5.778002,56.29277,28.054062,9.659821,-12.738401,-1.3555804,-3.9397817,-19.284184,1.3393599,-14.7373495,-17.40303
-318.1095,147.8836,-47.214237,33.506596,12.899483,17.750265,-4.223134,-4.2314706,-9.726263,-13.119612,4.9537687,-22.91387,-9.110603
-494.86133,35.962814,-49.68866,0.34094864,8.587856,1.6474538,-4.2746873,-11.576021,-5.573244,3.2413037,5.031432,-6.9080863,-0.4644211
-311.9785,137.95493,-29.345375,56.839767,10.260806,11.331525,-2.4844286,-4.5562787,-4.1132393,-6.968832,3.090447,-23.424334,-9.834707
-351.5543,187.07367,-25.203146,35.94725,19.276215,19.296055,-2.4818242,-9.046344,-11.631081,-11.812441,0.22916463,-26.629406,-10.46061
-390.27106,162.63356,0.070476204,59.220673,28.054672,8.887855,-27.914845,-4.8350058,0.48999137,-6.914125,2.4480848,-29.19226,-12.782767
-369.43704,209.69055,22.051302,11.7764435,-1.5429021,-2.0320938,-7.163103,-2.122837,-3.0320194,0.26948863,0.7978463,-17.880035,-1.2242954
-331.41617,192.83461,-24.39621,28.61522,3.3784323,13.697678,-8.97847,-11.71429,-11.41703,-6.908263,3.9937124,-27.498266,-2.7068121
-320.20905,183.14728,-25.751526,27.573536,17.810484,12.644093,-19.855366,-7.8419876,-5.7209487,-9.919104,5.6048107,-26.085176,-10.350216
-319.78018,201.63106,-24.995615,21.593422,-12.658687,10.984258,0.75206244,4.449608,-17.75055,-13.619122,13.407837,-17.262173,-2.694065
-355.34756,178.31891,-1.4300411,23.262428,5.6346254,9.957553,0.4946281,0.86806244,-12.214359,-11.901142,-3.2841077,-21.005806,-9.032921
-374.60086,190.74127,1.6132708,24.579403,15.72427,8.263443,1.9688977,-3.667791,-17.04083,-2.5075393,8.228859,-18.41859,-9.875937
-290.98703,167.61658,-34.42777,20.268452,0.14445066,9.179381,-9.047603,-16.708885,-11.548313,-9.185669,-7.4235497,-20.390747,-8.202715
-359.53528,125.63095,-39.71134,23.798332,0.6439307,7.97472,1.232487,-1.6844673,1.0562446,-1.9590442,-2.1939657,-13.718375,-3.3878195
-265.5961,133.07678,-69.74751,34.427616,15.128532,15.15478,-19.895603,-30.391382,-11.626606,-21.882847,-14.205372,-14.145789,-6.7001867
-318.2384,168.30856,-40.75043,16.628778,-8.592913,5.1657553,-15.921532,-11.320864,-10.827082,-23.613033,-8.430559,-7.838695,-13.118553
-330.47736,165.24487,-52.93026,34.955757,-3.5916455,20.491096,-18.54132,-3.891681,0.6316594,-9.417123,-3.814608,-19.89384,0.8497607
-314.03564,189.41394,-50.50867,1.204499,7.6084757,18.060585,-23.202599,-16.726944,-4.547613,-13.958706,-1.6810185,-6.9192724,1.727525
-329.9449,205.81633,-51.19377,-28.692005,17.633553,10.887577,-31.487122,-7.4062953,4.8508434,-20.052305,-9.630143,-13.120569,-6.566285
-366.30695,202.0802,-35.941273,6.8201885,14.226986,18.465092,-17.50071,-17.684528,-3.6860414,-12.066511,-8.287758,-12.863308,-6.9240465
-363.36914,112.43695,-53.29325,26.166906,7.849497,18.407257,-10.047967,-22.25508,-7.448661,-10.404417,0.0603981,-11.409864,-3.5795662
-271.02216,191.51915,-39.37947,10.488416,0.7644989,-5.1372194,-19.320328,-2.357431,8.646529,-13.25802,-16.460516,-9.821846,0.90059817
-242.13292,195.62375,-67.314354,-3.3675332,5.9801326,4.569335,-34.34131,-15.696821,-7.899065,-18.688671,1.7421962,-6.4682136,10.031202
-261.75223,205.4578,-73.90369,-8.735958,17.044907,13.954986,-24.46078,-28.19194,-7.402495,-16.372044,-7.312871,-3.3293767,10.157236
-288.6269,194.91284,-60.999374,26.825048,2.5018716,-13.411077,-29.012531,-17.974138,7.194721,1.235975,-8.805429,-13.686498,1.2104249
-419.7495,112.81185,-29.929539,5.7692127,3.2138774,1.8511354,-2.5337405,-4.575629,-4.1134357,-7.2600427,0.9964858,-3.5566692,-3.5474107
-312.9599,144.47531,-45.79889,35.862488,9.902631,2.4821508,-16.729977,-10.544641,10.097586,-8.580097,-22.848326,-14.745042,-6.117458
-361.674,137.89755,-11.674448,35.89413,17.152994,10.722243,-6.3220177,-15.389101,-1.71924,-11.565655,-7.9812193,-6.8754396,-5.8797665
-300.7457,108.37792,-41.275063,67.46967,29.976803,25.673538,-18.756153,-19.541065,8.109589,-11.066702,-10.415009,-20.281635,-6.180028
-301.79984,135.4031,-46.822025,71.39583,27.226618,20.899567,-18.340385,-5.9130554,6.1508627,-13.140926,-0.5400815,-17.38018,-2.586925
-298.50742,141.59746,-63.947414,29.06727,-8.6226015,23.522818,-20.299223,-14.369196,6.403889,-4.6173563,-0.5538113,-20.051369,-0.31653857
-317.00192,179.40411,-41.47071,10.583803,7.5694737,16.04895,-8.386228,-15.050476,-8.273583,-13.087076,-11.392558,-14.303778,2.1642432
-250.96858,190.74078,-35.58139,33.85772,-21.205753,0.0941267,-9.578455,-5.1863475,5.4557686,-10.774475,-10.520641,-16.523949,2.024682
-383.99277,199.35101,15.24394,14.6468725,-7.255973,2.5625312,-1.2302268,10.629736,-6.009224,-16.113827,0.95081097,-16.474323,-11.035854
-278.72977,149.75339,-50.711323,38.22991,3.5565712,16.236395,-10.868349,-3.7947826,-9.180759,-18.94519,6.921459,-19.729649,-5.640909
-362.48642,160.39981,-15.4507885,40.206703,23.65657,18.985355,1.9623418,3.1113253,-5.4481144,-14.095482,1.1570187,-18.441883,-7.1024294
-301.97348,172.39343,-47.34313,13.801964,-1.5217366,8.416177,-11.396039,-4.4186687,0.52093154,-18.503601,5.21706,-15.9467325,-8.1646185
-279.92834,197.56367,-46.861588,16.969656,7.8835926,2.1268356,-9.094419,-7.5649095,-11.202028,-23.550905,-1.7339065,-17.170324,-5.1908684
-276.9631,187.71747,-52.302784,22.087433,16.261387,25.211227,-25.481339,-21.807924,4.722225,-15.381404,-5.0833898,-16.621372,-6.3889713
-258.28735,199.46606,-56.400436,3.8888721,-3.7184114,15.959753,-21.360384,-9.918001,-7.8358927,-18.016237,5.3918104,-9.045553,2.8728096
-288.5054,109.56826,-46.615746,93.13611,1.5749221,28.158241,-9.958712,-11.227758,-16.429651,-15.685827,8.588055,-28.703,-5.1428304
-310.21112,137.87564,-28.746952,32.427395,0.7391691,9.702734,-3.6909401,-0.5596633,-6.242956,-9.324288,3.0119324,-22.535393,-10.082588
-301.9796,203.8197,-25.146894,9.308287,8.436842,27.584843,-5.8839025,3.4720664,-37.79921,-19.50446,21.672123,-25.341877,-11.806072
-311.956,201.01053,2.073993,34.410202,-9.493473,-3.2211745,-12.20759,3.5328803,-4.5132294,-4.920536,-1.1667116,-30.463337,0.14697742
-234.37013,198.37115,-69.47347,10.152149,2.2181394,20.116726,-16.325098,-12.153072,-3.7373297,-22.8155,0.42362604,-15.32444,-11.145111
-285.89438,196.56813,-46.31046,12.839186,-14.894491,-6.073062,-16.781067,-4.3064117,2.9241261,-17.444395,-4.9396834,-16.299545,-2.4064364
-286.82135,184.19229,-46.851044,29.915718,-2.947083,8.748234,-8.812769,-4.4701815,-10.185197,-19.05064,0.9732312,-20.495258,3.8607783
-300.88376,150.11652,-37.76728,18.727907,21.045439,15.132574,-12.255647,-6.6100774,5.0309505,-8.516183,-9.59688,-16.56472,-8.43889
-267.52704,209.94995,-58.86091,-7.6878705,-0.43687904,-5.6187243,-23.758118,-12.103811,1.2605679,-15.872487,-15.674974,-5.935365,-4.402562
-319.51263,181.86638,-46.62239,6.4479227,32.194664,8.834467,-13.865259,-7.86994,-3.0925903,-14.890073,-2.4960117,-5.141286,-5.8992047
-328.85855,148.46112,-55.670273,39.51599,41.003166,20.694172,-27.82867,-10.094886,14.631624,-7.998018,-9.4988365,-16.994387,-9.967085
-230.34676,146.69919,-54.47052,48.958054,-8.06565,10.944457,-24.184471,-8.148506,-0.18878627,-11.046813,-0.9882365,-20.635414,-2.2983575
-285.9365,184.73569,-54.33365,7.273794,1.4905176,5.9251795,-20.061695,7.7146435,4.12874,-11.184893,3.395968,-14.2259245,-7.483794
-338.52612,81.03125,-40.968468,37.309143,21.746597,5.71428,-20.031103,-26.466942,-9.035818,-6.352025,0.24638021,-14.304205,-10.686478
-320.46246,134.10956,-54.050568,31.67342,16.442112,0.04772514,-23.693588,-28.521063,-21.263798,-13.31885,-9.08548,-29.950356,-10.921656
-302.73383,158.32263,-35.733253,6.645657,4.269349,2.8105972,-21.460155,-27.871082,-14.386186,-14.696961,-13.195296,-28.531845,-11.289963
-329.13727,145.53244,-11.637653,24.377266,10.943443,-0.21695268,-9.772161,-14.4667845,-20.115019,-16.111439,-10.343453,-15.983867,-17.584576
-324.7589,13.461376,-68.37897,106.32625,-1.759228,27.77849,-5.224515,-11.659425,-1.0552166,-18.26287,6.545388,-20.714142,-0.6741431
-266.76782,191.2885,-48.23481,14.446859,11.050657,12.122259,-18.798794,-17.345922,-11.632767,-18.458632,3.6743174,-22.565706,-5.938053
-220.10333,176.59694,-43.95594,24.96774,-20.111984,-12.475178,-27.615257,-9.1213875,-0.4219201,-13.711849,-8.127674,-15.103934,-2.199718
-294.78027,159.4003,-50.031105,33.113426,35.871803,7.5263443,-38.643097,-15.205091,-26.880426,-12.6585,10.405371,-17.603748,-11.592307
-391.8342,97.76486,3.6559598,38.59988,15.971645,0.11495191,-8.829462,-8.187647,-11.9232235,-12.706356,-8.95087,-13.784426,-7.573294
-295.84824,117.97108,-41.90728,59.32131,30.554428,20.27624,-14.216497,-26.381916,-16.249832,-9.1395035,-6.004162,-27.504528,-13.23708
-336.83612,123.66011,-13.003668,67.706345,9.951095,8.8562765,-13.334654,-7.312069,-0.23453355,-10.128317,-5.776777,-29.868843,-9.632212
-324.8018,124.240005,-27.932335,50.03573,32.680016,21.276402,-19.738216,-16.202759,-4.965523,-11.466613,-6.20474,-25.569782,-8.357281
-302.8899,156.249,-13.349573,23.862904,11.435513,0.8902265,-26.246435,-11.950725,-10.68833,-13.739075,-6.2456155,-25.847893,-7.609737
-317.63742,152.63461,-34.831917,33.22312,2.9855244,27.21634,-3.2657409,-9.41534,-8.978984,-7.257724,-0.34099203,-27.732351,-10.183844
-282.23105,157.92572,-17.075048,15.062534,-5.7004976,6.3790483,-4.4322042,-10.099636,-8.755539,-13.122771,-8.111862,-17.185265,-5.789546
-253.2068,125.34487,-36.051056,33.162132,-28.413164,3.1565723,-17.01186,-22.383087,-11.307798,-10.889837,-8.3365345,-25.614227,-5.762764
-269.14728,164.47423,-30.714691,24.08712,2.714305,-2.382187,-12.441788,-16.172436,-8.007545,-13.964286,-9.416515,-20.740105,-8.344457
-327.64597,145.2518,-20.16067,39.657078,22.155422,14.505678,-13.318279,-24.415401,-16.14184,-10.615114,-5.3861566,-22.231693,-12.621212
-325.8414,158.6236,-34.4824,42.4299,-7.389475,3.490394,-5.160468,-7.66416,-11.750304,-8.662029,-4.3311343,-25.209011,-8.714213
-302.06384,151.14987,-35.75032,10.84437,-21.02222,-4.2461677,-16.365908,-14.391607,-12.498702,-13.825658,-13.928972,-22.857824,1.0221708
-317.41467,120.204575,-36.2267,38.34327,17.708397,5.012457,-18.060234,-18.99345,-15.554073,-11.6043415,-4.513631,-28.500021,-17.63837
-317.264,98.95903,-36.29706,52.74911,9.722203,6.0116343,-10.006853,-14.853749,-15.512812,-11.3838825,2.0308375,-26.227009,-10.910463
-324.92838,169.57759,-11.164567,36.95816,4.851568,-1.8782548,-8.006088,-7.3031683,-13.041701,-15.765777,-3.8670077,-23.253517,-8.157423
-307.57242,147.5253,-40.816914,44.27557,26.797127,15.851792,-21.035131,-15.972579,-17.920664,-14.577682,-4.9149084,-30.677292,-14.304359
-305.38074,172.52315,-22.946999,19.527447,14.026115,-4.2621403,-11.394476,-10.957417,-17.941576,-2.9129217,0.16798925,-22.363644,-10.09046
-337.8073,170.43216,-39.23796,43.7987,32.91126,20.03423,-13.648706,-13.3053255,-19.003147,-13.532276,8.338751,-17.40174,-18.29737
-287.28406,148.82596,-54.30848,24.077637,-0.353398,5.6910534,-12.871454,-13.726063,-8.742355,-15.578581,-8.5208845,-27.5166,-8.081505
-304.5387,174.94838,-19.67679,21.781223,17.969822,11.465802,-20.178867,-20.388828,-15.379572,-19.151354,2.927165,-18.186434,-14.740698
-316.0548,195.80844,-29.555319,8.283932,-18.628254,20.157495,-13.684696,-18.013103,-19.761757,-3.2503443,4.223179,-23.107471,5.5642853
-354.32483,163.82233,-16.681852,38.530914,26.438507,14.427702,-6.501443,-5.7305613,-15.1141615,-10.83457,3.386665,-16.224697,-9.372878
-313.47012,158.34402,-19.568073,30.848309,-6.6591473,-5.8548775,-2.9386842,-6.5080204,-10.0972805,-11.248898,-6.202113,-20.9295,-7.1094017
-359.9766,158.47546,29.440395,41.7983,6.4342933,-20.568007,-16.199177,-13.919384,-16.445253,-8.49489,-4.1435804,-22.593983,-17.69534
-324.27008,126.84252,-52.29619,44.34673,37.15796,6.6592636,-34.27336,-26.629608,-15.932997,-12.416676,-8.507591,-30.453781,-8.877514
-289.64664,137.89531,-50.465355,34.92685,7.68894,17.222042,-16.796732,-9.881195,-20.550676,-14.108694,-0.83288825,-30.00924,-2.7166796
-609.5445,21.482006,7.2971334,7.663286,0.40259656,1.4326382,2.02975,3.3628354,2.955827,4.0497665,4.0441704,0.3941719,0.32110143
-308.8454,153.83778,-24.230135,28.366673,17.664557,13.6952095,-17.319542,-19.996792,-14.476244,-19.754402,-0.9412037,-24.948797,-12.973766
-312.19266,176.82654,-3.1567116,24.853668,-3.82823,-5.359563,-12.436226,-15.910257,-6.27771,-7.209646,-5.2197433,-18.25193,-7.311489
-314.94016,177.91978,-21.223316,29.173153,-14.058432,-7.2210455,-8.265019,-6.5815964,-1.6244172,-8.682863,-1.6388978,-27.437267,-7.6547527
-263.8281,172.46835,-52.636642,6.7157097,0.17703971,11.243886,-13.285119,-13.7145195,-6.8778057,-13.859502,-4.038596,-9.011538,6.1431684
-283.90573,170.4194,-33.57876,10.309519,3.6751525,-4.640417,-12.453346,-15.004181,-22.92852,-15.834321,-6.0706964,-25.600044,-12.227032
-296.50272,118.35121,-36.25398,33.94099,-4.4912033,13.80183,-16.024069,-18.965593,-8.652317,-11.060343,-13.011266,-29.240408,-6.1200323
-290.55365,187.02417,-15.159622,16.761307,5.0049796,-2.0551205,-15.535506,-8.807833,-4.766247,-7.5090466,-3.6019554,-10.762228,-8.9403
-259.41324,144.78082,-28.898993,18.542828,17.574177,9.882774,-16.173275,-17.903606,-11.439297,-10.625965,-7.3629785,-26.184252,-12.945741
-290.45697,127.948105,-46.580177,50.12206,24.073982,9.727093,-23.330727,-32.491673,-9.551214,-3.256228,-5.3237214,-24.232864,-14.159615
-354.62433,137.04742,-22.449692,51.14695,39.772465,17.545588,-18.835817,-13.461129,-10.854673,-11.635794,6.653311,-13.936834,-8.31166
-324.83322,154.5708,-22.06509,50.448685,37.99546,15.607312,-8.33486,-19.272928,-11.712647,-2.439108,6.679956,-16.082869,-18.069462
-366.83408,107.18235,-48.58094,35.446354,-21.946789,-1.5488458,-8.604937,6.6187906,-12.28029,-0.790732,10.533722,-13.531263,2.0304198
-316.3885,143.55527,-30.061825,24.332518,10.976559,-9.877108,-34.779022,-20.668974,-7.992948,-15.865115,-8.611428,-31.230341,-16.940975
-429.55212,102.482765,24.327545,23.504465,8.4369135,6.056434,-8.368477,-7.352908,-9.4515915,-8.273792,-9.122498,-19.895695,-6.4944925
-365.01068,163.30191,14.632023,50.932304,15.846768,-39.966293,-33.056736,-2.8700075,-8.92183,-10.809303,-14.185631,-17.541275,-6.0306253
-343.2158,138.10222,11.830278,46.56347,14.389536,1.1592305,-2.7323048,-3.7055807,-4.629759,-2.7383466,-1.5193273,-20.532318,-9.133608
-314.2072,137.56444,-44.12921,38.410156,20.765629,7.9425015,-16.72873,-4.059407,-6.219416,-13.645896,-8.893689,-19.130682,-9.633943
-307.3646,164.39299,-28.590996,44.88172,22.381794,10.073538,-25.721779,-10.589342,-16.81652,-23.2859,2.6734753,-22.529892,-12.500381
-286.7802,128.57266,-38.32318,51.974033,12.767387,10.994781,-8.611103,-11.72935,-17.725237,-19.854828,2.5532935,-22.64463,-10.589542
-316.32416,190.28308,-29.105064,9.076582,7.901805,14.028908,-15.874195,-13.520491,-23.84359,-16.00628,1.9369292,-16.524342,-6.6872816
-250.35262,155.2359,-52.122208,18.312943,6.712591,25.394428,-13.215624,-24.008026,-14.439709,-15.4197445,7.4405785,-14.638388,-6.6660433
-190.18742,171.90373,-66.94079,17.275711,-25.88099,5.516573,-12.066584,-19.745174,-7.613748,-13.801365,3.1613472,-12.474461,7.072281
-288.90128,146.44876,-48.765587,17.638264,22.075169,16.196613,-17.659203,-20.487423,-10.61488,-13.986534,-1.9193354,-14.433575,-16.585512
-293.8562,54.89261,-55.467663,44.623566,-1.1361439,6.8087664,-6.9248753,-9.152096,-7.633806,-13.438667,0.6443127,-23.805145,-3.1354308
-363.6091,138.68619,29.196514,32.34273,21.060528,-9.319048,-15.560304,-7.8226466,-8.152706,-13.306709,-9.295849,-22.226534,-20.402975
-401.4312,164.66081,1.9941733,55.532112,7.648486,-17.080061,-3.503093,-2.2298665,-9.565242,-12.00872,-7.6489987,-18.51876,-9.114067
-305.54834,201.18745,7.9863715,22.185974,-24.72084,-19.140602,-16.402147,3.391675,0.14821935,-10.872171,1.4843726,-14.946613,-4.7325945
-326.34833,114.65927,-31.437088,38.402687,-10.553459,1.9510459,-7.9281397,-2.714247,-5.4252987,-13.204466,-2.0329943,-10.1561,-2.7518919
-353.75735,60.798622,-23.492844,43.856243,15.686928,11.565784,-10.944284,-5.489134,-15.152575,-10.511981,4.188675,-13.701422,-8.276747
-325.45285,190.23352,18.578533,5.1122665,-10.610161,-15.614639,-22.297459,-1.3485582,-18.087124,-11.996178,-1.2115691,-19.986332,-10.498913
-262.15613,146.68765,-36.84794,32.310394,19.739273,9.039711,-16.219412,-13.918834,-17.971437,-17.749453,3.3518317,-20.02171,-7.8789535
-327.0668,182.15665,-15.736286,12.63867,0.5748732,-9.251758,-19.422552,-5.6847076,-16.155521,-20.947994,-0.86176383,-25.637764,0.3968101
-323.14862,142.95706,-1.2677665,47.46027,30.969412,3.4843683,-13.076697,-10.481534,-13.813477,-11.410603,0.66433704,-20.715855,-18.147825
-430.4113,49.76972,-25.936226,5.4862466,20.516094,3.7001452,-2.8926778,-14.796118,-15.087015,-1.775919,4.511368,-4.77511,-2.124332
-309.77667,154.2942,-14.575772,22.450294,14.36269,7.445454,-7.150917,-5.8739805,-7.7681847,-9.492247,-4.1139374,-15.990073,-8.434647
-341.35855,186.81772,-31.89102,26.420294,47.14324,19.313988,-18.81945,-4.250676,-30.347359,-30.550652,11.689898,-12.281258,-1.5470507
-313.3369,183.17902,-40.337032,34.314426,45.54953,27.332172,-20.78335,-9.854374,-19.116703,-26.372221,6.521721,-13.623601,-6.3941097
-313.10294,156.54083,-43.472286,64.85016,12.92178,15.0451975,-2.9096322,-6.8007927,-2.9766173,-9.881116,1.2395614,-14.592582,-5.2083917
-333.33426,141.16867,-37.4721,50.83426,19.373375,15.800088,0.7395625,4.3173857,0.9218224,0.20318866,8.370826,-10.163393,4.2330074
-331.82516,132.14374,-41.735306,40.204826,10.399456,22.077454,-10.564037,-7.837951,-6.6653724,-5.37969,1.9523406,-18.313835,-2.573779
-253.62833,152.10263,-70.03354,42.86499,-1.9595886,9.054503,-23.484785,-20.660732,-8.1297035,-21.182823,0.3946047,-14.697233,-3.1893945
-229.86032,150.29099,-68.562004,35.931007,19.706955,14.327698,-17.788874,-24.800875,-6.1317577,-16.543673,-17.191715,-25.581333,-9.33172
-237.18188,168.68633,-61.63825,12.461603,-13.608145,-8.86711,-23.285168,-21.185118,-0.81118953,-25.480701,-23.984838,-14.680243,1.6731611
-285.38168,170.12296,-25.831558,35.781006,-8.221159,3.676927,-18.213581,-5.835435,-7.777392,-19.778687,-5.357744,-22.720673,-6.765562
-306.5324,162.29779,-16.530827,30.91288,2.8257437,18.126663,-12.6008215,-5.879216,-11.020323,-8.632766,1.8263524,-18.615387,-5.587941
-362.64285,81.08818,-12.86976,13.840133,10.313626,-6.1345034,-9.616907,-5.1476116,-7.6679974,-6.2639623,3.2933164,-20.577597,-15.68773
-331.57666,164.62729,-14.144745,40.495113,46.3653,13.334805,-27.19408,-13.680767,-17.131025,-13.639898,5.994582,-25.695194,-16.18552
-354.29404,167.10446,24.071482,35.095047,17.622303,-4.9599495,-14.913612,-5.0033236,-6.989361,-12.695028,-5.6784954,-17.074188,-12.287117
-401.6443,99.69722,-1.8983705,28.114117,10.236881,-1.78247,-0.9847398,-0.5415031,0.8056475,-1.5169746,3.0897865,-3.222444,-6.561589
-323.14252,184.39452,-38.179337,43.159286,28.731895,19.847708,-6.1979904,-4.085869,-15.90597,-17.499498,8.316395,-17.733654,-6.098074
-292.26434,150.06847,-27.474617,33.613102,28.412819,15.562833,-11.509634,-19.488766,-13.496129,-10.8652115,3.6560946,-19.88306,-14.012865
-347.00443,170.04767,1.6063275,58.362286,20.084164,-13.639034,-16.525803,-0.8173878,-3.7418094,-11.796705,-4.061737,-19.3112,-11.213827
-363.537,152.21866,25.933558,45.956314,13.196785,-6.50846,-19.001648,-2.911402,-13.6518755,-15.509411,-3.9493394,-21.02013,-8.368236
-333.1027,177.08588,-17.419954,40.803505,11.012232,-15.50885,-10.283172,-7.101597,-11.120028,-7.1604433,-1.0364995,-19.755692,-17.318146
-306.7094,175.00243,-51.99124,21.255178,27.390392,10.17629,-19.016376,-17.137283,-17.17865,-16.482754,3.988326,-11.631024,-10.619969
-429.79196,183.04602,-41.622833,14.951855,18.857841,18.695505,-5.1004124,-12.271082,-23.854353,-13.370476,13.151111,-12.614651,-2.3118682
-398.87482,141.30911,38.477737,30.109436,15.141135,4.536943,-9.754938,-10.6873,-9.280361,-5.9123945,-4.1875725,-19.264957,-15.288223
-304.38342,164.72568,-45.155666,57.543686,16.939787,13.205472,-6.639003,-8.669581,-10.739397,-16.206593,5.0181494,-21.51101,-7.056018
-309.987,134.95615,-10.627952,31.305275,18.01677,16.89422,-6.3064146,-8.373849,-10.923675,-15.271753,1.5599658,-18.89447,-15.638111
-385.86588,146.77208,10.031666,24.896416,13.476482,-0.6355476,-23.727472,-10.101061,-11.413784,-12.55945,-5.386294,-24.47855,-17.695522
-314.97995,128.76073,-34.858276,62.929733,29.991625,19.516827,-13.020458,-8.852692,-7.923344,-14.304425,1.2733254,-21.951206,-12.628127
-306.49713,163.65152,-22.86025,21.751347,17.591757,18.46068,-17.50945,-16.851507,-14.803742,-16.132927,1.6824145,-19.98027,-10.776316
-352.2919,130.35275,-17.338528,54.046265,28.783094,11.722395,-6.6317577,-3.7217672,-5.384917,3.9116354,5.8698344,-27.005817,-10.061223
-375.89954,183.64435,-2.5794232,28.285439,28.004587,22.541513,-7.7354407,-6.6885395,-12.924419,-14.193144,0.6084214,-21.26332,-11.946018
-383.20642,181.01791,-17.95978,24.182682,19.56733,1.2030023,-15.691691,2.2273536,-2.266645,-6.411932,3.1816516,-14.46516,-5.1641417
-207.09964,149.74734,-65.32876,30.429314,2.1828701,12.427551,-23.720877,-24.400478,-6.872773,-22.99389,-11.404592,-26.321613,-16.03664
-226.33621,169.57523,-53.614403,5.727293,12.964737,3.7762218,-26.169197,-20.87945,-12.246592,-22.018425,-4.213904,-16.275965,-8.417197
-301.52084,136.5206,-41.610615,32.465424,27.294048,17.944567,-5.818355,-21.444351,-18.082607,-19.208317,3.0519972,-15.201897,-9.526953
-279.2076,178.49763,-22.759449,33.866955,-21.86745,12.76013,0.9178775,-4.7218375,-19.365314,-11.7363205,5.272242,-17.087969,-8.90309
-652.4662,48.143322,13.652918,14.364428,4.882976,1.2292829,4.7105017,0.7369085,0.2613713,4.3732505,2.667519,-1.7114792,0.44494802
-292.16595,175.02074,-9.931234,-3.0625186,-0.8399364,-3.0418286,-19.52197,-7.272729,-12.503107,-13.086938,-6.8709183,-25.36297,-10.020217
-281.81955,167.01392,-27.843052,12.707254,6.634898,-4.2999477,-2.4821062,1.6956903,-17.606728,-13.19994,9.014692,-8.900012,-0.972042
-372.31967,145.55792,-8.020237,40.091377,12.866705,6.961564,-20.134495,-20.306252,-12.248637,-10.41201,-6.9758463,-19.57526,-10.580284
-353.4737,178.24535,3.0378375,15.667574,9.3000145,-12.191382,-28.175896,-6.473521,-6.5233793,-8.721816,-1.7622262,-22.872005,-15.533161
-316.7226,173.00923,-21.997252,43.608284,2.941164,-0.2597228,-12.595724,2.2523432,-17.333107,-20.202097,6.8446703,-27.36739,-14.509758
-353.56573,193.932,-11.9310665,9.774552,6.5887194,3.894476,-18.312218,-4.499379,-7.9108353,-7.177973,4.605772,-19.353329,-1.7208643
-295.1285,150.40576,-44.141068,21.062359,24.51757,2.7589636,-5.824077,-4.3064165,-6.9469833,-15.877353,-9.260941,-11.825106,-4.7224483
-371.27603,162.94376,2.3445787,42.52746,14.60144,-4.497035,-24.117863,-16.451881,-11.429415,-10.98995,-4.881265,-24.485863,-16.142155
-307.04803,130.6388,-16.009903,55.0839,3.6671805,4.738832,-8.402592,-2.1862197,-2.902992,-5.929141,0.82532114,-26.68425,-11.164427
-335.81577,192.52252,7.7548943,9.37286,-0.7885,-7.343049,-12.55072,-4.86623,-13.280355,-13.417817,-0.63556325,-16.2553,-6.678709
-309.00555,150.98068,-30.715473,41.978043,20.874647,20.094051,-17.035948,-9.963676,-9.905184,-14.8029,6.739257,-21.306187,-13.957315
-386.50894,162.3626,-4.332192,39.879284,42.47409,23.371935,-1.7675183,-1.4442234,-22.978077,-10.00315,8.968666,-22.440754,-16.895943
-351.30878,171.56174,-15.705095,28.870075,32.522583,10.745863,-11.988308,-15.41419,-19.969164,-16.570759,0.9471334,-16.103262,-9.725919
-422.47678,142.36295,-28.540167,48.617844,57.221565,0.95242214,-3.826272,-2.188155,-18.189178,-15.321346,6.206955,0.74832,-1.9657519
-298.42307,207.89844,-15.493901,15.866216,-3.8326163,-2.8218873,-9.50437,-0.72670376,-28.133392,-23.251965,8.735708,-16.99963,0.09438002
-304.16034,212.79572,-18.143597,19.526022,-31.79223,-0.9180676,-9.813793,9.077142,-9.765198,-16.328707,0.9262054,-17.88351,0.41208124
-353.49957,185.89929,-19.401657,34.273346,-1.2697668,20.651075,3.0641243,2.7992172,-13.064852,-1.1894599,6.179368,-14.703399,2.6991293
-368.1593,179.324,-38.110153,33.34562,12.2741165,10.409581,-13.041891,5.26116,-4.930182,-11.406924,9.870224,-17.33943,-0.7652936
-312.12936,162.29678,-35.40825,38.231796,28.81117,28.918,-17.969572,-3.4072788,-17.980211,-15.290894,8.962021,-20.864557,-2.5199904
-318.96384,190.00919,-55.974636,7.860096,10.86758,1.1027982,-16.019154,-4.8674707,-3.4968228,-6.9142914,13.294655,-3.6422873,-4.676909
-325.23294,187.36151,-36.63697,26.488945,23.97419,14.324076,-28.507343,-12.3313675,-22.16255,-23.059162,8.922098,-24.359093,-12.011406
-373.563,187.94754,-4.5095463,33.860542,37.847416,3.4291883,-16.913782,-0.37721395,-16.53872,-21.967766,0.9005605,-18.007458,-17.800938
-324.2501,168.90744,-40.375195,53.14863,14.0879345,23.600784,-9.788187,-1.5625339,-14.744355,-19.001543,1.1170802,-16.217438,-3.9557602
-309.13077,158.77875,-36.832703,28.595945,29.896702,11.982165,-16.739635,-6.252771,-8.482107,-17.477291,-3.0309887,-16.805649,-7.7529116
-335.43414,172.88159,-1.5852078,21.537611,5.5084715,1.1779228,-9.978957,-7.784965,-14.427095,-17.615862,1.5714817,-19.083841,-12.948835
-327.04904,170.95493,-27.274954,33.155502,7.2675047,4.7169065,-8.675058,-8.151986,-11.0070305,-15.642969,-0.63475335,-20.226257,-3.4423127
-361.52866,173.46686,19.080788,51.847443,9.604587,-29.393522,-36.107258,-1.1503174,0.30225617,-13.621325,-11.242403,-21.234196,2.155892
-346.8207,166.92255,-25.73334,28.111088,7.5265126,19.292019,-16.163631,-11.302805,-18.958153,-16.449326,7.8680744,-22.722954,-6.663562
-359.14304,95.92409,-28.380943,89.38956,35.838783,12.2672825,-19.307201,-3.9526799,-4.2185826,-13.086113,1.6856912,-30.841223,-15.327475
-477.9706,109.84836,-2.0302992,25.01949,19.324593,27.951626,-9.137957,2.0382037,-1.9012616,-7.3704896,9.309326,-18.792412,-3.1756797
-373.25967,154.87106,-48.76677,22.866768,23.718237,21.019585,-21.256914,-19.735493,-15.423658,-15.160963,13.306753,-12.24659,-3.953883
-340.7193,168.50067,-11.783588,40.394493,30.457699,18.642607,-12.475441,-9.727303,-11.209407,-9.604273,10.041534,-21.360779,-5.835475
-328.71777,179.79242,-14.952432,46.317966,-4.571076,12.791876,-13.894526,-7.9646473,-10.986828,-9.454428,5.8390408,-22.705273,-5.636269
-375.27466,145.90207,-29.5885,60.08384,32.33621,19.396729,-8.63638,2.488429,-6.022663,-15.216744,5.46891,-23.501785,-11.74296
-398.20108,82.75788,-46.73918,31.44032,18.470396,7.6873083,-6.3505177,-9.098616,-10.411302,-4.1067963,5.9145093,-12.938408,1.1653306
-287.21548,157.54663,-34.11692,23.30373,4.3674765,20.347168,-16.318565,-16.28667,-12.6149025,-23.034565,-0.80399394,-24.312943,-7.711149
-316.67856,162.01282,-15.239743,26.155983,30.390247,6.0155997,-11.837543,-13.683886,-8.698024,-12.460329,-1.8002892,-23.50717,-13.888053
-252.86671,203.45499,-50.062115,24.0482,-8.342997,7.7212133,-9.2475605,0.13033068,-1.8078626,-14.798629,-5.40239,-17.37801,0.90446013
-284.85947,206.44188,-65.25792,-18.650864,5.2132807,7.8780704,-22.899303,-12.358141,-1.6441271,-10.892473,-3.9183464,-10.271671,6.816331
-313.65253,198.79314,-48.29747,2.7640584,10.885076,-11.219833,-18.424463,-6.0393276,3.2232447,-20.258163,-16.821602,-11.549124,-11.923482
-339.9142,161.55801,-30.636631,15.615862,10.609381,6.9738503,-17.75489,0.31713247,-4.6332917,-15.84457,-2.615064,-4.4888554,0.81223196
-276.30945,198.2506,-65.40853,41.48604,25.640118,20.410664,-25.62708,-9.480349,4.9643784,-20.137157,-8.70582,-10.454835,-3.2465951
-320.54913,194.26169,-16.049349,15.471363,-6.435334,3.2919803,-3.0042253,7.553862,-2.5775096,-3.5095553,6.0822144,-10.4196205,1.6469356
-308.82736,181.15689,-32.973484,14.517303,2.1396668,0.66606474,-14.090271,-3.325547,-9.806816,-7.334092,2.2409217,-20.445177,-0.23010182
-291.7943,173.23688,-14.968509,27.781654,-14.017426,-5.0364695,-3.127456,-1.7603741,-13.228451,-19.61473,-0.08226696,-28.837524,-12.499762
-338.85446,208.61667,-6.7476487,22.82105,-12.516497,-4.251727,-14.959475,-0.060220778,-15.36576,-12.050945,6.695093,-28.272938,-6.234286
-327.78207,128.27144,-59.030106,21.314602,9.426164,9.126959,-4.740995,-2.8459468,-14.32522,-18.206415,0.7723613,-15.740364,-2.9442034
-306.54904,187.42026,-36.31034,0.8576368,30.674862,34.45697,-29.473085,-13.103406,-14.457724,-30.666931,0.33928895,-9.895142,-11.810696
-374.98953,111.51247,-46.22597,56.942257,33.746582,25.53275,-7.626037,-0.9659606,-12.141352,-9.79374,4.5095396,-15.544615,-5.7048607
-344.86697,160.15459,-11.952017,22.795845,23.629055,10.996319,-5.2486486,-21.13242,-19.173504,-7.147478,11.581864,-17.153887,-15.720901
-334.74384,170.95848,-4.482144,49.608505,13.527252,4.4417176,-9.639883,-6.141652,-12.18294,-17.256588,3.9641593,-19.71162,-16.379536
-370.8655,126.8667,-34.93093,15.496889,4.157512,-0.5454542,-8.491214,-13.588953,-4.991505,0.32076406,7.7891374,-11.310472,-3.3043518
-383.32635,149.23012,-24.787659,49.861057,55.15399,18.32468,-30.032686,-20.981861,-25.49678,-19.298218,12.507779,-26.0905,-32.2381
-314.65536,129.81818,18.779306,33.16845,12.938324,6.6191835,-9.45858,-18.167427,-12.683266,-13.911081,-9.53312,-17.47435,-12.359638
-286.84045,198.20325,-35.243134,13.092802,-2.2465239,12.491617,-15.066133,0.9729052,-17.110243,-25.134136,1.3948919,-18.660599,0.01620932
-274.61472,172.86417,-43.081417,10.60528,5.5158644,9.046364,-22.39225,-12.417501,-11.997792,-24.004799,-6.334486,-22.920551,-8.076225
-285.18143,181.94897,-35.369194,23.462902,-27.276745,3.0014677,-15.156061,-8.032763,-11.279039,-9.639655,-0.5352042,-25.088123,-2.215248
-364.21014,123.39278,-14.429966,48.058037,37.184044,4.4651814,-16.322395,-9.124725,-1.2358191,-10.62696,-3.5547688,-14.151604,-7.6497784
-350.44543,170.17598,-16.295956,66.42335,30.900997,1.342321,-35.00976,-2.4453835,-16.991888,-16.806103,5.358878,-23.978355,-10.882492
-321.30002,175.86684,-33.227036,47.309494,21.294342,5.4886007,-29.33985,2.0260262,-14.937824,-16.087986,5.1379232,-21.805069,-2.7481813
-395.56677,171.54483,6.423792,31.168407,22.040257,-6.327529,-22.969025,-2.5061467,-11.124901,-14.177169,4.092512,-7.7269387,-2.3394678
-327.02942,121.90007,-9.709881,63.58361,14.287359,-0.1624768,-15.323336,-4.6602993,-2.6481354,-10.327238,-6.266058,-20.908821,-3.7572935
-407.11145,182.10883,-18.7267,41.069523,27.062542,3.2984867,-26.422745,-7.7870593,-9.250771,-17.453943,4.840817,-10.914414,-6.611288
-221.46048,180.84245,-35.600815,14.437708,-13.431511,-6.6767135,-18.386436,0.34818152,-3.5453305,-12.754452,4.7017946,-17.727272,2.545618
-294.8552,151.37561,-4.851452,26.699955,-14.045244,-13.993359,-10.408739,-8.399595,-6.283667,-17.748863,-5.594508,-22.186625,-12.306781
-314.52518,166.04855,-31.78503,24.851482,17.091604,-2.7278569,-14.879532,-15.258916,-6.907257,-4.716508,-3.7092564,-15.535767,-8.188083
-276.20047,171.76027,-44.80362,24.004185,1.1913623,-4.640219,-20.476751,-2.2698135,-7.944154,-12.197096,-2.6896858,-20.287827,4.458012
-366.75592,186.78165,-6.3662605,29.265053,5.69137,4.2749557,-5.5344906,-1.7447679,-15.259141,-13.096771,4.757067,-26.944538,-6.1706104
-353.28394,122.48833,-50.655285,48.35475,6.089944,20.58871,-16.20466,-15.549895,-6.062762,-6.254907,9.723101,-16.727175,-0.20947713
-322.50266,172.42168,-19.153767,29.568974,18.924057,29.663425,-20.855406,-13.727993,-4.0540047,-10.559711,1.0148431,-15.88321,-6.2429886
-391.21414,196.29303,-9.286247,44.407925,8.6561365,5.6143327,-5.5775867,1.8911915,-21.665226,-2.464087,22.218287,-20.229969,-13.947688
-348.1681,173.5292,5.982379,22.597775,13.753378,-7.2264338,-12.607452,-7.021114,-16.929707,-14.473515,-4.096483,-20.769161,-6.0361323
-329.2359,158.6135,-28.17782,33.42659,6.0956993,9.809058,-2.973092,-3.3748188,-4.863166,-12.14071,6.300397,-17.998043,-7.3109922
-454.71155,125.44527,-24.814384,92.04331,76.91235,22.742966,-7.546459,4.77959,2.5429611,-1.3338027,8.7769375,-34.830738,-18.013847
-398.87347,96.50451,-34.162094,36.24887,20.14214,20.671066,3.2229774,-11.579848,-4.4691525,-1.7424866,5.9379535,-16.011951,-7.1370783
-282.35083,157.69957,-39.767998,32.447582,-1.4693553,11.331387,-16.098408,-10.692531,-7.3640423,-14.973389,-4.8070235,-22.653566,-7.984892
-290.58408,187.5094,-59.403854,27.100033,11.470233,15.417364,-16.616785,-13.789086,-9.052017,-8.0015135,12.065412,-13.565266,1.0932564
-314.6111,115.06081,-44.28685,41.869225,7.978586,15.965749,-13.269953,-6.7446985,-8.560134,-7.8502455,2.9966927,-24.04639,-7.1344776
-292.94293,186.45796,-30.625252,14.984627,7.9182568,19.624876,-17.995895,-19.050812,-22.401045,-17.698864,2.9827108,-14.905415,-2.9283676
-334.1401,194.19257,-21.112562,11.233767,-13.363266,4.0809803,-7.53195,-5.308242,-21.993217,-21.830097,-1.6931813,-27.178606,-9.555094
-306.40454,183.3053,-40.214634,18.458672,-11.606119,15.736692,-1.7046465,-5.9462376,-14.364361,-13.322972,6.6912637,-15.234305,-0.87083226
-295.71906,184.89554,-30.631054,27.797411,5.67136,3.5076475,-12.133558,-9.145633,-15.075391,-13.358967,-0.9624382,-25.550632,-12.820986
-339.2576,120.01639,-25.96711,39.62818,25.677364,8.634834,-14.304836,-9.423672,-0.31588614,-15.694187,-6.0633087,-18.524914,-12.989928
-266.37076,160.64279,-62.487694,54.07483,-7.469524,28.675879,-13.55997,-16.621845,-9.812481,-12.742127,3.3929772,-20.43871,-2.575686
-266.09494,171.56802,-37.73675,11.8696575,1.2860053,14.845354,-22.121737,-17.458153,-6.7823505,-9.460812,12.367731,-12.034139,-6.4203825
-251.97772,191.72794,-36.665596,10.788923,-8.986559,1.1595739,-16.240074,-13.285654,-9.538419,-18.966467,-9.80306,-22.416136,-4.8854027
-208.48625,170.49564,-48.947395,4.1339307,-20.188513,-14.961586,-12.172106,-19.087719,-9.954984,-13.895968,-14.699072,-20.270344,0.55881274
-269.48563,178.7398,-49.99015,19.509186,-18.264263,0.24073637,-17.975212,-11.660005,-2.7580347,-14.686829,-7.2364197,-23.538189,-5.537977
-230.00867,164.29012,-62.603165,10.833357,-1.4009211,12.993282,-21.290962,-22.677128,-2.7682993,-16.863388,-7.437256,-7.475205,-2.7001042
-303.56888,134.07529,-32.455185,24.793407,-0.2920308,7.642912,-14.317837,-19.773783,-6.539597,-2.843256,-6.426528,-17.550776,-1.5290349
-321.00812,151.45358,-33.190216,35.073112,12.428013,25.83371,-21.750187,-31.070648,-14.270245,-13.501453,-4.8385205,-29.255848,-4.667038
-384.4925,116.540405,-11.525288,33.124756,5.8742867,5.454681,-15.061189,-9.93152,-7.4201736,-5.026952,0.7506658,-18.385212,-6.091949
-314.13593,132.49895,-18.26462,11.874117,-19.51477,-15.220827,-19.461296,-7.046177,-5.984535,-10.171785,-8.262727,-22.667048,-11.039143
-306.4264,171.24594,-40.683968,-2.653813,-20.307873,-4.9374557,-28.791172,-17.246548,-12.569355,-17.06974,-3.5319722,-19.860846,-2.6834097
-315.1873,167.788,-23.681126,36.309025,23.05356,-0.8320552,-25.626762,-13.148622,-17.946447,-15.903463,-3.4834821,-20.987324,-9.127164
-294.42856,149.3226,-37.136017,42.919,10.701456,19.282194,-6.0653744,-7.9273586,-12.596928,-9.648273,7.0189385,-19.753307,-3.3935072
-325.6067,153.98248,-39.727966,47.894814,12.092907,20.798784,-9.232372,-15.056654,-13.862845,-11.419231,-2.8752747,-26.81934,-6.7161694
-280.32642,142.06726,-32.060085,9.787651,13.105291,6.5856504,-12.885465,-19.877121,-10.137444,-7.1906233,1.8124784,-12.496106,-4.714305
-466.45413,101.23799,-29.391695,20.01182,12.444487,-5.60884,1.1559674,-6.196443,-13.97695,-3.7294912,-0.10450858,-8.480643,-4.8896723
-388.47635,134.36722,21.618916,42.320312,28.319027,12.054119,5.5597916,-1.4305235,-8.519659,0.0002529323,4.9135046,-12.426404,-3.1237626
-361.80322,92.92548,-15.210397,66.746315,10.247594,19.283136,-8.375856,-10.425484,-3.938879,-6.957197,-0.7758365,-21.526524,-10.350481
-354.85022,170.33975,-11.079277,7.691806,-11.241218,-10.831388,-31.509212,-11.505178,-6.72651,-12.220358,-6.439966,-26.002983,-17.141006
-287.51373,169.05249,-28.176418,7.3585343,3.2983532,-1.5346007,-21.263985,-5.131907,-8.89672,-6.081915,3.5353525,-20.03676,-2.7768927
-322.922,71.806946,-69.83748,22.310196,4.8397713,7.72674,-15.516976,-18.856003,-18.314007,-7.828109,8.045363,-12.70639,-0.28055087
-309.81778,152.35086,-16.513184,42.99958,7.2504487,-5.7064734,-17.806864,-13.1402855,-10.000178,-13.357483,-3.3414326,-25.961933,-11.904385
-340.2156,182.34879,1.1327968,25.37519,0.3578726,9.16321,-15.370569,-7.205681,-7.4389343,-12.307446,-8.605902,-22.108337,-2.300482
-357.2259,176.38876,-28.698132,60.993156,20.848713,18.763256,-9.270194,-7.0529976,-20.94336,-16.569996,8.978022,-22.826149,-4.304153
-344.45685,159.63388,1.6223458,12.318169,1.8006734,-8.407428,-11.653593,-9.095618,-18.318043,-13.1828165,-0.3089791,-4.9831877,-3.7615318
-422.96252,112.93298,3.7842593,32.40808,18.385239,-1.4044025,-18.943617,-11.932838,-11.917585,-6.0502386,-3.2882462,-19.408455,-12.513332
-333.26562,146.67177,-21.888784,45.6907,5.7427883,9.622801,-0.6994653,-7.7222157,-1.4285806,-5.1053686,-13.689222,-20.357552,-8.87311
-474.67242,175.77446,20.681318,21.14008,3.7767978,-4.121169,2.1227376,12.862476,7.3107567,-0.6596692,6.683975,-7.8771133,-8.311281
-267.69424,184.18213,-51.103035,1.8060358,-11.35551,7.6559277,-23.759445,-16.883024,-8.995878,-30.538763,5.050946,-7.0833025,-10.561066
-279.38806,181.99689,-59.117626,20.751785,7.762296,9.946722,-27.881104,-17.052582,-1.1692209,-19.685919,-1.8988478,-16.099926,-9.848953
-312.5705,208.47314,-36.12702,19.592503,7.659651,11.041677,-16.52884,1.9833537,2.3291643,-11.577681,-2.3719268,-23.501596,2.184362
-306.41003,215.80835,-52.790085,-3.2366037,6.853888,-9.435049,-15.584625,3.713908,-0.42891794,-6.595959,2.9001942,-10.137425,-2.7085776
-281.396,119.843956,-62.624878,57.28873,9.237911,26.25061,-13.08967,-21.11031,2.393823,-12.396592,-3.0066404,-16.27612,-4.2544746
-279.55106,140.14969,-63.544476,10.310553,7.042568,6.960843,-20.017029,-5.9722548,7.8121433,-14.973867,-11.257921,-12.820072,-8.591911
-217.50096,167.89268,-66.03437,40.052353,-1.7102056,21.365494,-16.200401,-8.273586,8.608528,-19.72883,-10.936285,-16.444687,-6.8493366
-185.75023,185.59656,-82.306656,15.536465,-18.842834,15.861788,-12.258902,-12.902918,-9.072625,-5.518602,-0.46316886,-15.898994,-0.66960686
-213.05286,190.87929,-52.64617,13.644895,-6.5843554,-2.4847844,-19.590885,-15.7116785,-1.3804841,-12.591879,-7.4960585,-14.109032,1.5109775
-306.12967,217.19574,-39.971375,-13.406755,9.637413,-6.522307,-20.344503,-24.938509,-3.0576994,-13.82361,-25.998646,-9.814102,6.6138144
-347.07175,129.64374,-49.283226,37.30996,3.2520814,15.125589,-7.1519723,-1.1546093,-3.2715695,-8.247976,4.6965933,-19.29177,-5.3211436
-275.01965,165.05106,-25.383495,19.17249,-4.57484,5.092148,-12.097558,-13.91552,-18.087894,-12.615084,-2.7094822,-23.637775,-4.9055395
-310.2295,200.33511,-24.809158,-1.4158732,17.585833,-0.61864376,-16.855865,-14.508508,-12.16584,-14.773489,-11.527121,-13.69072,-14.884153
-309.61847,221.86795,-24.927364,-7.4529095,6.2911034,-15.6546,-21.506432,-9.195639,-5.495123,-1.5031044,-1.0985665,-9.214022,-5.0387907
-423.69907,162.56412,-31.35128,2.9217181,14.77166,11.4892845,-4.42162,-2.7877808,-7.166105,-0.008124948,14.720701,-2.4942577,-4.5575724
-1131.3708,0.0,0.0,0.0,0.0,0.0,0.0,0.0,0.0,0.0,0.0,0.0,0.0
-1131.3708,0.0,0.0,0.0,0.0,0.0,0.0,0.0,0.0,0.0,0.0,0.0,0.0
-1131.3708,0.0,0.0,0.0,0.0,0.0,0.0,0.0,0.0,0.0,0.0,0.0,0.0
-1131.3708,0.0,0.0,0.0,0.0,0.0,0.0,0.0,0.0,0.0,0.0,0.0,0.0
-1131.3708,0.0,0.0,0.0,0.0,0.0,0.0,0.0,0.0,0.0,0.0,0.0,0.0
-1131.3708,0.0,0.0,0.0,0.0,0.0,0.0,0.0,0.0,0.0,0.0,0.0,0.0
-1131.3708,0.0,0.0,0.0,0.0,0.0,0.0,0.0,0.0,0.0,0.0,0.0,0.0
-1131.3708,0.0,0.0,0.0,0.0,0.0,0.0,0.0,0.0,0.0,0.0,0.0,0.0
-1131.3708,0.0,0.0,0.0,0.0,0.0,0.0,0.0,0.0,0.0,0.0,0.0,0.0
-1131.3708,0.0,0.0,0.0,0.0,0.0,0.0,0.0,0.0,0.0,0.0,0.0,0.0
-1131.3708,0.0,0.0,0.0,0.0,0.0,0.0,0.0,0.0,0.0,0.0,0.0,0.0
-1131.3708,0.0,0.0,0.0,0.0,0.0,0.0,0.0,0.0,0.0,0.0,0.0,0.0
-1131.3708,0.0,0.0,0.0,0.0,0.0,0.0,0.0,0.0,0.0,0.0,0.0,0.0
-1131.3708,0.0,0.0,0.0,0.0,0.0,0.0,0.0,0.0,0.0,0.0,0.0,0.0
-1131.3708,0.0,0.0,0.0,0.0,0.0,0.0,0.0,0.0,0.0,0.0,0.0,0.0
-1131.3708,0.0,0.0,0.0,0.0,0.0,0.0,0.0,0.0,0.0,0.0,0.0,0.0
